0.04999959199176566 0.4194836263879313 4.501618314732335 4.697424693235167 1.3799089365874722 2.0928137986793525 0.2065836486381947 17.996336131792056
0.04999959199176566 0.5415639059977235 4.501618314732335 4.745187319308167 1.6014936769233432 0.2622960217101456 0.514531782160671 0.11349848405779674
0.04999959199176566 0.8457019547016187 4.501618314732335 4.85106762652494 1.9979518310178532 7.260650023189968 4.587175754850787 9.754937390198863
0.04999959199176566 0.8216697294255241 4.501618314732335 4.843275447044255 1.9725204874979425 6.782820699788786 4.2271042235384195 9.238396068857437
0.04999959199176566 0.9151637291940491 4.501618314732335 4.8731107700087986 2.0671130082910025 12.017976730524298 5.774150712676797 21.23212497408079
0.04999959199176566 0.9205979800975943 4.501618314732335 4.874806306577151 2.072268433663055 3.456301049435321 4.370932536863509 2.3198926159448843
0.04999959199176566 1.0882647433044847 4.501618314732335 4.925216926246983 2.2156428186992545 7.42505300174068 5.469138273947865 8.556557480607427
0.04999959199176566 1.210379028870582 4.501618314732335 4.959822035496808 2.3039438058179083 9.12197314952357 5.827127280586074 12.12109721209454
0.04999959199176566 1.279430327961352 4.501618314732335 4.978686244738678 2.3489701414512743 6.040542968018073 6.0463386509029124 5.122457306195336
0.09999995683767603 0.4109019462204396 2.2507917618867976 2.3428888026181642 0.6812166439977105 1.3290419519633656 0.13089390424177147 11.454517961458905
0.09999995683767603 0.5203293171304677 2.2507917618867976 2.3647525687699087 0.7831068660246706 0.06318972367229175 0.1391694832394563 0.024353857320880787
0.09999995683767603 0.6302966904178968 2.2507917618867976 2.3853355164088743 0.868179057754849 1.6630570745568531 0.5311015902347526 4.420338886096567
0.09999995683767603 0.754160043923057 2.2507917618867976 2.407089762568799 0.9482315285535649 1.7915604735489303 0.9417876114887912 2.8928694202449425
0.09999995683767603 1.0418483334176085 2.2507917618867976 2.4528551173616573 1.0893757170150864 1.648980353215539 2.6138235051328174 0.8830261460012618
0.09999995683767603 1.0886173563616586 2.2507917618867976 2.4597630282152205 1.1079491775444579 3.6650458114894606 2.7537271308015625 4.140537965610255
0.09999995683767603 1.1716891204803057 2.2507917618867976 2.47171447653535 1.1386095335217918 0.9722876828254085 2.7995830752017428 0.2866256603651238
0.09999995683767603 1.24830308352318 2.2507917618867976 2.482397948869963 1.164528469515979 5.886654028719003 3.153626727959027 9.327077730742893
0.09999995683767603 1.3342724310704355 2.2507917618867976 2.4940261306620894 1.191249214877777 4.2507434388560315 3.043580636464225 5.039225969297018
0.14999989426176324 0.4119202289009452 1.5005282513499199 1.557576115074753 0.4548401827554103 0.5103112727854665 0.03360019193083204 6.578811235153254
0.14999989426176324 0.5290739360267276 1.5005282513499199 1.5734536212157804 0.5269631366187792 0.4702632728915686 0.08200740639421161 2.289011143044276
0.14999989426176324 0.6304214567232309 1.5005282513499199 1.586303350990783 0.5788450823668723 0.8918980061912131 0.21135799429671903 3.194703567430254
0.14999989426176324 0.7538067949644381 1.5005282513499199 1.600999365009887 0.6320155566779073 1.017604833068353 0.5597203754043647 1.5703847340850714
0.14999989426176324 0.858112245122244 1.5005282513499199 1.6127159221436076 0.6702519205737756 1.8420516865753098 1.0739490018306825 2.6818768094813175
0.14999989426176324 1.048831219371099 1.5005282513499199 1.6327115410845332 0.7281423036985191 3.6177197527958223 1.6828237854178667 6.601612977768213
0.14999989426176324 1.065650187188699 1.5005282513499199 1.6343957273045573 0.732635872620702 0.49085706591121575 1.636326011056106 0.12498535259187717
0.14999989426176324 1.2685289770213113 1.5005282513499199 1.653828331272814 0.780685942418333 2.0753548005343916 1.9776481294257877 1.8486493593669138
0.14999989426176324 1.3740824452597222 1.5005282513499199 1.6633547040368246 0.8019070281308719 2.9780068252782455 2.1120054278617273 3.5643078503064123
0.20000033217230231 0.41147722518438407 1.1253935260735897 1.1634437340819808 0.3409024766110904 0.3550232487195502 0.053698807324213206 1.9923599691736482
0.20000033217230231 0.5318218711409185 1.1253935260735897 1.1760199141912295 0.39636325793164345 0.5316555927918816 0.08422594884261843 2.8486147652477953
0.20000033217230231 0.636171039532737 1.1253935260735897 1.1861773276817311 0.43615881695479275 0.3680542995749879 0.17349615128552526 0.6627546834047323
0.20000033217230231 0.7330929990287761 1.1253935260735897 1.1950788395708676 0.46780695855336485 0.5380944185446626 0.3263025638067057 0.7532087352411412
0.20000033217230231 0.8582056375530197 1.1253935260735897 1.2059109776683288 0.5027116700762376 2.2061187151662858 0.7222973268030589 5.719533523074586
0.20000033217230231 0.9576061313113085 1.1253935260735897 1.2140521995048417 0.5266099099287876 0.9731997501945626 0.9209979493259457 0.8728993577125985
0.20000033217230231 1.0943060122282608 1.1253935260735897 1.2246606777495586 0.5550693511379401 3.5953502557881323 1.4479312786071632 7.577977654726123
0.20000033217230231 1.3091218193630523 1.1253935260735897 1.2401502378949305 0.5918350638150581 1.1547016806804147 1.5510483415061647 0.7296811409126266
0.20000033217230231 1.3916849446160502 1.1253935260735897 1.245768827764948 0.6039242184147185 2.9000806918841144 1.5568645745797014 4.5855157204756205
0.2500004970244882 0.4108922650110522 0.9003145262436396 0.9259237295100252 0.27248202631283536 0.38111415179229424 0.037571166554365 3.2815145255918234
0.2500004970244882 0.5422995876949916 0.9003145262436396 0.9372811538335486 0.32053541550355474 0.4346150050533979 0.11038859430115033 1.4524596924063133
0.2500004970244882 0.6175211072922894 0.9003145262436396 0.9433502876161166 0.3436166513931256 0.4400934876315801 0.15412966729875058 1.0666513877664754
0.2500004970244882 0.7470157326757196 0.9003145262436396 0.9531753416885449 0.37759725023063306 1.0715517190461876 0.29422491211662477 3.3125747907343115
0.2500004970244882 0.8609272369513791 0.9003145262436396 0.9612538988632512 0.40272580352333587 0.9770805867151365 0.506782834350184 1.5990341263550658
0.2500004970244882 0.9663631962853471 0.9003145262436396 0.968324869368482 0.4228605598075248 1.9101591701235086 0.7677909712083357 4.033805690431522
0.2500004970244882 1.0948249841638509 0.9003145262436396 0.9764778996890076 0.4441350378037722 1.4386922913914322 0.9799116033903105 1.7929484063878502
0.2500004970244882 1.1721197725224028 0.9003145262436396 0.9811647762827065 0.4555034025071238 1.876979722099227 1.0968181825866472 2.7264866761108935
0.2500004970244882 1.3762621182993655 0.9003145262436396 0.9928527618360897 0.4813919835539377 1.1296931863656399 1.197733322266057 0.9044399681358934
0.29999944702707154 0.4109489026576712 0.7502649797183316 0.7668113611759014 0.22708858858414008 0.24817889277893765 0.03579422811301563 1.460614283873857
0.29999944702707154 0.5229760851239711 0.7502649797183316 0.7753049588350124 0.2617800885072183 0.4495838749453602 0.07557988902073054 2.2700428860108426
0.29999944702707154 0.6312265969977564 0.7502649797183316 0.7828987359861453 0.28961273487965394 0.21697376289076134 0.14787406899615016 0.27023480157662677
0.29999944702707154 0.753067480681061 0.7502649797183316 0.790844102698276 0.31586260252912 0.6132976560600789 0.2860101821517817 1.1162975581831727
0.29999944702707154 0.8581801715044861 0.7502649797183316 0.7972625116689985 0.33513793983181767 0.5861283062792219 0.40576584572621965 0.7186687521327628
0.29999944702707154 1.1891836060716507 0.7502649797183316 0.8153780248647545 0.38157272341988596 2.4335692980602146 1.0004001792332555 5.024959132921397
0.29999944702707154 1.2668767578419975 0.7502649797183316 0.8192502971769773 0.3901681207851503 2.3135510226977627 0.9885763824477628 4.595860018889846
0.29999944702707154 1.3183539319240338 0.7502649797183316 0.8217483030192027 0.3954925840374118 1.544138194155862 0.9869402090750866 2.0506915754948714
0.29999944702707154 1.374803717680332 0.7502649797183316 0.8244291795015005 0.401022700538303 1.6374643328232505 0.9898156610768665 2.2993666947301246
0.350000674828279 0.4245688652316544 0.6430818430556089 0.6534786298633668 0.1985877979897662 0.30469294504246186 0.03580466657096471 2.200918814227354
0.350000674828279 0.5212827691451398 0.6430818430556089 0.6600708331971172 0.2239743732372771 0.484753337123909 0.08022309761336645 2.486343037340198
0.350000674828279 0.6162229332333536 0.6430818430556089 0.6660899618533208 0.24517234917188974 0.5020744756462575 0.12163939019918643 1.7590610487131029
0.350000674828279 0.7365729564381369 0.6430818430556089 0.6731806423426735 0.2679210558756555 0.18184963283114602 0.19917400431261914 0.14093246946392352
0.350000674828279 0.8480156410238142 0.6430818430556089 0.6792917010278423 0.2857624928563387 0.6514381031844588 0.3237128158586671 1.1127696715847568
0.350000674828279 0.9448734489718396 0.6430818430556089 0.6842985279289502 0.29926466434043214 0.4607857828245927 0.48160447152647623 0.37421956591800487
0.350000674828279 1.0753759945769752 0.6430818430556089 0.6906569898702948 0.3150826338080775 1.2760861642886583 0.6567634124189481 2.104601660699429
0.350000674828279 1.2925969298873636 0.6430818430556089 0.7004083726394136 0.33673880523353716 1.1853407812409016 0.7851291563077557 1.5190225005888147
0.350000674828279 1.3713197316908259 0.6430818430556089 0.7037218817963805 0.34344750025052395 1.6431952212433898 0.8526894879707998 2.687857727168293
0.39999894633711774 0.4172893891466829 0.5626991798362905 0.5667248966433586 0.17193275246398296 0.22955141663166642 0.029220075266023354 1.5307260878559226
0.39999894633711774 0.5373634930364383 0.5626991798362905 0.5742988965172583 0.19932590423455226 0.36161539704663387 0.07104585921371148 1.5623341158025477
0.39999894633711774 0.6158201471463993 0.5626991798362905 0.5788621052243033 0.21445389323727135 0.7069026171463627 0.10487103817307855 4.044664202756657
0.39999894633711774 0.7398503443830706 0.5626991798362905 0.5855656505163633 0.23492640964914632 0.6982110643602105 0.17923171652441075 2.308752872739103
0.39999894633711774 0.8597871469052711 0.5626991798362905 0.5915488950065713 0.2515592148183999 0.37018329298115893 0.3204220791311887 0.36301958356238634
0.39999894633711774 0.9571855173586609 0.5626991798362905 0.5961030722397331 0.26325860486224356 0.8416187969403284 0.4344398525277611 1.3839489009363526
0.39999894633711774 1.2065690294483369 0.5626991798362905 0.6067468235604679 0.2876687582962854 1.657963825290264 0.6781244857834607 3.4408008313268517
0.39999894633711774 1.1524270940690045 0.5626991798362905 0.6045462358382122 0.2829380305177478 0.7803178436785502 0.6293573885295539 0.8212296118278681
0.39999894633711774 1.2945070024866414 0.5626991798362905 0.6102064391426667 0.2947958059619624 0.128611071996894 0.6533612048502058 0.021489298198969036
0.5000012499552529 0.42121297711326827 0.4501570327262577 0.4455370163804524 0.13833803420546217 0.26331386873872104 0.026850218973378002 2.191888689773076
0.5000012499552529 0.5323646899290913 0.4501570327262577 0.45194936241405187 0.15863514473938686 0.1739868280806696 0.06845429773168164 0.37536249871313393
0.5000012499552529 0.6229428260784007 0.4501570327262577 0.45668716905644924 0.17258803139478257 0.2945390727862082 0.11579109828956183 0.6359595845218161
0.5000012499552529 0.7239434299464231 0.4501570327262577 0.46155627866059606 0.18600300490085447 0.17574921956835507 0.18333902687638667 0.14300484382693834
0.5000012499552529 0.8390454138281581 0.4501570327262577 0.4666677845368652 0.19909678203218312 0.6240843152875176 0.25400345048353723 1.3015647525497842
0.5000012499552529 0.9512817867745113 0.4501570327262577 0.47128004508560534 0.2100705672542164 0.5606327025921531 0.3886553836857609 0.6864533457604856
0.5000012499552529 1.034053062241204 0.4501570327262577 0.4744811266738101 0.21723549252473612 0.8163779023856113 0.45949892215424587 1.2311666538832555
0.5000012499552529 1.1753611382863767 0.4501570327262577 0.4796101065600792 0.2279795296588831 1.0529272112275374 0.45712035813102553 2.058661749345954
0.5000012499552529 1.2676287649283444 0.4501570327262577 0.48275945536654336 0.2341477490246827 0.8617371077960203 0.4782857550571959 1.3178955841192541
0.600001672272024 0.41727362968942205 0.37513075286435527 0.36479712528648844 0.11461855118715404 0.12482996490784683 0.037556233125555595 0.3521879804637398
0.600001672272024 0.5202516153122521 0.37513075286435527 0.37049082883743595 0.13050644354724036 0.13223222938624965 0.0746593556422846 0.19879674183993956
0.600001672272024 0.6288771597743927 0.37513075286435527 0.37580467942439455 0.1445283516197415 0.29457244918914377 0.11729304518032624 0.6279583638550277
0.600001672272024 0.7458711063287776 0.37513075286435527 0.38092826769673727 0.15721828346554942 0.4716684836141809 0.1905862932440321 0.9908340264521344
0.600001672272024 0.8408951960325911 0.37513075286435527 0.3847285070096828 0.1660756900967883 0.2051682711752177 0.25939748810197255 0.13774425397005483
0.600001672272024 0.91347657153983 0.37513075286435527 0.387450141170306 0.17212354930787663 0.08815232854036005 0.29313290772210804 0.022502038370029877
0.600001672272024 1.0579776112383545 0.37513075286435527 0.3924781316808959 0.1826485724818062 0.6232004281257868 0.2934629816017636 1.123365339425543
0.600001672272024 1.1158252712527976 0.37513075286435527 0.3943649170578263 0.18638371147634233 0.4145373709129629 0.3208671689237112 0.4545911268805234
0.600001672272024 1.2012461694242662 0.37513075286435527 0.39703652303823467 0.19147617621470364 0.7917948697614249 0.3270164615536305 1.627326181197218
0.7000007093750198 0.41749358957637867 0.3215412156371004 0.3099613183528083 0.09827649210436494 0.17832805921784087 0.028933305735458707 0.9329538678202361
0.7000007093750198 0.522913995013974 0.3215412156371004 0.31530495508061157 0.1121836812845211 0.3616969874583459 0.07177157989572755 1.5472344845520445
0.7000007093750198 0.6249122345259874 0.3215412156371004 0.3198379202767204 0.1234785164398027 0.4314864117630862 0.10368145474053879 1.524235332917763
0.7000007093750198 0.7053602510975506 0.3215412156371004 0.32307754395840155 0.13120236634599688 0.12176073168620014 0.15878161200096344 0.07925618272628845
0.7000007093750198 0.8086075061403831 0.3215412156371004 0.32689132448814207 0.13988087700779395 0.35061989906804225 0.18329275030510367 0.5693072211838704
0.7000007093750198 0.9272253112707236 0.3215412156371004 0.33088679713118624 0.14846350557548507 0.24399436422751927 0.1958705190801477 0.2579938631426326
0.7000007093750198 1.0128842058121017 0.3215412156371004 0.3335606115757105 0.153907560223882 0.4697208635499621 0.20963260409893164 0.8933872118291173
0.7000007093750198 1.1114118555729016 0.3215412156371004 0.3364512552293131 0.15952083216887325 0.35569534971281747 0.2121952250046002 0.5061038341496754
0.7000007093750198 1.1941999054226289 0.3215412156371004 0.3387467677547014 0.1637778310927402 0.14369936478038373 0.2413101536037746 0.07263617397798852
