0.009999926060298328 0.7190298546966997 22.508074327957754 24.05572751522546 9.269873444582567 40.41463803664232 23.089727536523927
0.009999926060298328 0.840322507002802 22.508074327957754 24.2569374150909 9.961640672224906 62.038191109569865 34.35423973913206
0.009999926060298328 0.9308439098549312 22.508074327957754 24.399828658240352 10.409458264947336 46.201176814992664 29.10700019619516
0.009999926060298328 0.9744767479160045 22.508074327957754 24.466679719789965 10.607668891970349 44.496439340622246 26.048112040591157
0.009999926060298328 1.1019388707571804 22.508074327957754 24.655059646931743 11.130675748110413 60.05563299745082 34.75367189504446
0.009999926060298328 1.1859934986225895 22.508074327957754 24.77409606403102 11.436195037556978 17.275113291177362 20.704448448110973
0.009999926060298328 1.3821537829603967 22.508074327957754 25.037698490098244 12.051676770793357 59.36961477480429 35.89758454769312
0.009999926060298328 1.6291526092896216 22.508074327957754 25.34516910359729 12.677075567231089 44.91083537869171 32.42773446275453
0.009999926060298328 2.032564840670855 22.508074327957754 25.799836506869436 13.452384841225744 57.86208130170025 37.3856970215299
0.009999926060298328 3.19415733587463 22.508074327957754 26.87989408766154 14.779893639014675 67.8566526766951 45.06972440785573
0.009999926060298328 6.48825243788985 22.508074327957754 28.996119981643695 16.20011209003402 57.43016328115095 41.90556638531276
0.009999926060298328 12.92127949080624 22.508074327957754 31.56211331043746 16.988174445248738 90.63748733991228 63.80262573346794
0.009999926060298328 25.7550686477987 22.508074327957754 34.64800780946816 17.413913503252754 69.74721277487076 49.68653202932982
0.019999998128980713 0.7011184836258467 11.253955004782169 12.011715145963562 4.578628157421304 28.128247053801505 11.976136927833759
0.019999998128980713 0.8133362410623063 11.253955004782169 12.105847893467242 4.908732863605237 27.415894772498184 7.576737146951354
0.019999998128980713 0.9369996939535539 11.253955004782169 12.203962701140053 5.218999704744487 21.26322031990594 12.497815101032693
0.019999998128980713 0.9951436613883881 11.253955004782169 12.248263145239017 5.348920829838319 26.8768493373823 14.650911712799223
0.019999998128980713 1.0872160176991175 11.253955004782169 12.316230927382346 5.537033412930954 19.103395213483875 11.461084828310144
0.019999998128980713 1.1902662080986859 11.253955004782169 12.389375364722437 5.725451520119338 10.218706975579359 12.810715529659669
0.019999998128980713 1.3707183016065883 11.253955004782169 12.510806032157674 6.009480860874328 39.87653031730316 18.606719114095906
0.019999998128980713 1.5951006020733627 11.253955004782169 12.651540728215984 6.299440911752752 5.73102684191442 13.381708813953727
0.019999998128980713 2.0583980765417427 11.253955004782169 12.913100686032342 6.747057091674558 45.494714517921544 23.489975011225322
0.019999998128980713 3.2809871438091482 11.253955004782169 13.474826347830358 7.423817909066485 39.84223035721333 24.285285656614274
0.019999998128980713 6.593793969324331 11.253955004782169 14.52490700464856 8.112095231337372 30.446450913410878 22.586120730735743
0.019999998128980713 12.52563227639056 11.253955004782169 15.717396738122424 8.480881913019418 18.9502018149914 20.013355835894263
0.019999998128980713 25.44076589763985 11.253955004782169 17.294022767693438 8.704179915629494 70.49727209243888 48.76746473617806
0.049999886885329754 0.7122975780227658 4.501591764706891 4.806624010159042 1.8455730422397125 15.053249730418116 4.517972875379999
0.049999886885329754 0.8064151965065498 4.501591764706891 4.838254792701608 1.9559358035750287 12.320951233813979 4.623672623175539
0.049999886885329754 0.9685241626434958 4.501591764706891 4.889556416450544 2.116239385829621 23.32753486068286 1.7844918178885398
0.049999886885329754 1.0152686297689397 4.501591764706891 4.903679108256746 2.1567234404943574 2.7444751519145085 5.243867268296336
0.049999886885329754 1.1037530621025076 4.501591764706891 4.929669752200681 2.2275038157186926 26.989495299865496 8.54944001800619
0.049999886885329754 1.2355745234721836 4.501591764706891 4.966732275336565 2.320738137647426 7.657436599759559 5.462968780261797
0.049999886885329754 1.475472213174083 4.501591764706891 5.0297331933448355 2.460969249395541 18.48096665548771 4.092382123170369
0.049999886885329754 1.6176915030922299 4.501591764706891 5.064728345259791 2.530196677929945 14.618300327846256 7.295563467667859
0.049999886885329754 2.0100492773892804 4.501591764706891 5.1537657362408185 2.6830402905656534 21.49923789228321 9.530076963739246
0.049999886885329754 3.304151406292007 4.501591764706891 5.392773650936695 2.9730535087948895 22.41118358567258 10.21329874197604
0.049999886885329754 6.494436039426507 4.501591764706891 5.799173564341675 3.2402932584769575 17.234290123129067 8.256387381542385
0.049999886885329754 12.842364821780404 4.501591764706891 6.306970292492933 3.3965934268773514 23.63150110841303 12.482931654609274
0.049999886885329754 25.73441998564768 4.501591764706891 6.928545942248463 3.482694319786724 21.053541732611425 9.403061251927566
0.1 0.7662147369155601 2.2507907903927653 2.4091329957330174 0.9552830060971738 6.5041671924541316 1.2716484196091073
0.1 0.851311031773537 2.2507907903927653 2.423226820073047 1.001877602275717 7.957166695355939 1.458701523005313
0.1 0.9362622456140355 2.2507907903927653 2.4367460497933258 1.0434581756517411 10.189609613073038 1.4114307826082417
0.1 1.0135834941270396 2.2507907903927653 2.448613408810353 1.0776491272733186 5.2227876678928435 2.037503245686132
0.1 1.1758415126471333 2.2507907903927653 2.472300552821074 1.1400690657882677 4.468800365339523 2.385338312423408
0.1 1.2323792264264264 2.2507907903927653 2.4802019905918757 1.1593130014727684 1.0133771815322203 2.8524057346373084
0.1 1.4154981741700736 2.2507907903927653 2.5046854873020106 1.2144677937958703 7.13013717314962 2.7142871430717044
0.1 1.5789860458291023 2.2507907903927653 2.5252638653153054 1.2561094865858722 10.107001939588491 2.6346108781977384
0.1 2.0449308707482996 2.2507907903927653 2.5784966775516756 1.3472407111843696 6.456340850268549 2.548769526487693
0.1 3.1322859891230466 2.2507907903927653 2.68069383821475 1.4729544751231662 7.143590711598213 3.4125717606794814
0.1 6.5205971768707585 2.2507907903927653 2.8999118857596304 1.620748323921051 4.423401958172625 3.95328913464765
0.1 13.169578086838522 2.2507907903927653 3.1631851345318878 1.7003777894479006 19.16329309887052 7.911866566696756
0.1 25.718500677506764 2.2507907903927653 3.4635915098015335 1.7413160032785049 22.21804367830219 9.897222168251874
0.1500002393958719 0.7473534637117691 1.5005247987988934 1.6002504819118282 0.6294631414264329 2.2706238345915915 0.7303130387445866
0.1500002393958719 0.830470775896023 1.5005247987988934 1.6096654271814304 0.660636443855168 3.017953080065144 0.7731391006678858
0.1500002393958719 0.9522757819018826 1.5005247987988934 1.6227989582696416 0.7005371554967772 6.380494910525979 1.116274981430348
0.1500002393958719 0.9435103454015827 1.5005247987988934 1.6218783122330644 0.6978673654981545 4.586121723707063 1.1503278465515923
0.1500002393958719 1.1192080541455154 1.5005247987988934 1.6396767982515053 0.7463794652215042 1.2862650819027204 1.6632000634414579
0.1500002393958719 1.2429618689864212 1.5005247987988934 1.6514600793428913 0.77519105987897 5.153056192956596 2.1744098553535984
0.1500002393958719 1.3269268737711333 1.5005247987988934 1.659140654111759 0.7927024809059656 5.050793314975395 2.031853429794613
0.1500002393958719 1.647516963078521 1.5005247987988934 1.6864524231978142 0.8478751817029456 9.667637178624483 2.9427658444502685
0.1500002393958719 1.9422858474465028 1.5005247987988934 1.7092094343992719 0.8866389717301916 3.5723499257107543 2.5414299796546502
0.1500002393958719 3.134727276958883 1.5005247987988934 1.785464583969632 0.9821023039942933 8.075137832600863 3.088555060909116
0.1500002393958719 6.4718840693312725 1.5005247987988934 1.93046816121465 1.0797433153845042 12.604013976459994 2.032823361715886
0.1500002393958719 13.093347111283418 1.5005247987988934 2.1065162759494496 1.1332654746974764 9.028281791293313 3.70088183212126
0.1500002393958719 26.32070844375159 1.5005247987988934 2.3161766207729224 1.1615469648934382 17.279656293422438 1.3638716038330578
0.2000003976195905 0.7397052320376911 1.1253931578045497 1.1956686922128352 0.46980696287185547 0.9090876931017751 0.4533982580432972
0.2000003976195905 0.8753998500524807 1.1253931578045497 1.207346674923952 0.5070657758723405 1.6316786057288042 0.7874433931581437
0.2000003976195905 1.0108090941850956 1.1253931578045497 1.2182571184394142 0.5382373427027102 5.2639345190949935 1.3378808858246651
0.2000003976195905 1.0138294150014484 1.1253931578045497 1.21849284558934 0.5388753549238129 1.7813459504532725 1.0113597454154284
0.2000003976195905 1.1447306742723429 1.1253931578045497 1.2284180052790994 0.5644825655612363 2.552703359623936 1.1784977190043169
0.2000003976195905 1.159689203181489 1.1253931578045497 1.2295176873527685 0.567175088636211 1.313606206910069 1.1314603053657382
0.2000003976195905 1.4122942629708597 1.1253931578045497 1.2471445728611965 0.6067919433208675 2.4398790864305124 1.6889592523167964
0.2000003976195905 1.6502938917378884 1.1253931578045497 1.262341775932388 0.6362145394611153 2.836416644366873 1.3721632185859627
0.2000003976195905 2.1070306678057853 1.1253931578045497 1.288501961009407 0.678535737320355 0.6522765933293703 1.5728266103187514
0.2000003976195905 3.1907699672784178 1.1253931578045497 1.339612754897315 0.7388523066744827 8.004055707570597 2.4879487114450503
0.2000003976195905 6.367510630246115 1.1253931578045497 1.4439565286395006 0.8085694093683228 9.170642176498024 1.204147000479898
0.2000003976195905 12.734148693790155 1.1253931578045497 1.573468769056145 0.848788783387146 10.599307937755286 1.1874309982472198
0.2000003976195905 25.90433983183696 1.1253931578045497 1.7328283295847804 0.8708141186739687 12.452249082241334 3.9926993365959076
0.2500003050954382 0.7254282779567406 0.9003152174288429 0.9515884179917329 0.37237188514025665 1.4043428910852898 0.4184532574716711
0.2500003050954382 0.845453250675568 0.9003152174288429 0.9601853170128488 0.39953480958204857 1.3568702434894375 0.626902964855782
0.2500003050954382 0.9715659722917711 0.9003152174288429 0.9686652904234552 0.42378734178667044 2.329061217043695 0.9606625512909284
0.2500003050954382 1.0089905238970571 0.9003152174288429 0.9710842882726582 0.43028199335743234 2.8407640190494448 1.097856995797584
0.2500003050954382 1.053407867924528 0.9003152174288429 0.9739017025207867 0.43762341461624016 2.172395811517016 0.670550247267658
0.2500003050954382 1.2160322875816982 0.9003152174288429 0.9837610071122985 0.46154652322740414 2.522688852311181 1.0113688235007967
0.2500003050954382 1.3570033517156845 0.9003152174288429 0.9917902872424733 0.47917315772219954 2.3105118296829086 1.1481906440929568
0.2500003050954382 1.637013754991213 0.9003152174288429 1.006543387860849 0.5077867403537714 4.847885412458676 1.4711850455281816
0.2500003050954382 2.0817944153256707 0.9003152174288429 1.0273736311493462 0.5412519902198488 1.1805428520234884 1.206770158021635
0.2500003050954382 3.345326350230417 0.9003152174288429 1.0750285496144003 0.5958398996784003 0.5853029041077696 1.3121303437222651
0.2500003050954382 6.4161032367816055 0.9003152174288429 1.1550546215436932 0.6473206610538115 3.9047930587347457 1.3998377062853276
0.2500003050954382 12.801354756416188 0.9003152174288429 1.2589480743478614 0.6792089397671351 6.41191283264301 2.204153422366404
0.2500003050954382 26.275160190300802 0.9003152174288429 1.3886404085697517 0.6968985975880891 1.6984936435695455 1.6771149386512576
0.2999990580912347 0.7119097846506305 0.7502659524045112 0.7882260507454228 0.3075147933091351 1.7566364933262055 0.2827125887931792
0.2999990580912347 0.8052177193852259 0.7502659524045112 0.7940761823248542 0.3257703327386575 0.5972480444426249 0.4399317709412016
0.2999990580912347 0.9175464449958661 0.7502659524045112 0.8007314279669963 0.34489457239653315 1.235984425659871 0.7977127573142897
0.2999990580912347 0.961699393343172 0.7502659524045112 0.8032431441898304 0.35168934162614063 2.085866794200622 0.7661243252189538
0.2999990580912347 1.0502305995681778 0.7502659524045112 0.8081185682850415 0.3642606557356091 0.654220711897009 0.7728863678120479
0.2999990580912347 1.1845564054232796 0.7502659524045112 0.815144438030649 0.3810385339871982 1.819989322758711 0.818613913350328
0.2999990580912347 1.344516229187071 0.7502659524045112 0.8229992948594573 0.39809469327018493 1.7602147119831686 0.709087293881374
0.2999990580912347 1.5561097365406653 0.7502659524045112 0.8326615599851231 0.41688507661200985 1.0684148547154138 0.9843070868110204
0.2999990580912347 1.927487371512483 0.7502659524045112 0.847992881847318 0.44245355335131337 1.873137581155301 0.8500778633795918
0.2999990580912347 3.1956169842829056 0.7502659524045112 0.8899456526792444 0.49269988554334454 1.377634350403854 1.2649443267460916
0.2999990580912347 6.409041762789189 0.7502659524045112 0.9613216606375491 0.5393802987057845 6.736031043883857 1.0070223821843522
0.2999990580912347 12.904030240885422 0.7502659524045112 1.0495624502798853 0.5662329364418824 6.053835837948832 0.9680782268661713
0.2999990580912347 25.49852981255093 0.7502659524045112 1.1519232376480306 0.5803139984873055 6.388466153731694 2.140048896718299
0.3499996110265518 0.7312838438661708 0.6430837976622822 0.6728824798915738 0.26700439961606914 1.1081827796364714 0.3737086774181867
0.3499996110265518 0.8474555427774877 0.6430837976622822 0.6792641094849176 0.2856802587950966 1.0455823671472706 0.5027350232162308
0.3499996110265518 0.9224601777313103 0.6430837976622822 0.6831652603382439 0.2962874789950221 1.769684027376513 0.6685084322358373
0.3499996110265518 1.051592187391151 0.6430837976622822 0.6895308569400905 0.3123798387239619 3.4914611866363185 0.8781349886671624
0.3499996110265518 1.1633270079999998 0.6430837976622822 0.6947228452714962 0.32447142652634015 2.1385545790516263 0.5940703638633315
0.3499996110265518 1.1480796121593289 0.6430837976622822 0.6940301887630359 0.32290913114469255 0.7592656597469795 0.6994727629471035
0.3499996110265518 1.3828681982447057 0.6430837976622822 0.7042012747338652 0.3443893514969772 0.531292633262688 0.7214745927257036
0.3499996110265518 1.5712974854402189 0.6430837976622822 0.7116921489775094 0.3583682498144994 2.589453472574714 0.8415027044403244
0.3499996110265518 1.9453354067971136 0.6430837976622822 0.7251565378151063 0.3801414351135832 2.1791825739059916 0.9420132462909148
0.3499996110265518 3.3152975224292667 0.6430837976622822 0.7640593643772452 0.4249613128012834 2.0802224671575806 0.8901248337202889
0.3499996110265518 6.564846049318851 0.6430837976622822 0.8253185986304781 0.4633611602903362 3.233732532291591 1.1639799682607068
0.3499996110265518 13.156281755829893 0.6430837976622822 0.9013030517447733 0.48579910922859365 3.581205495162379 1.0478066766001688
0.3499996110265518 26.496806144867897 0.6430837976622822 0.9923740846917156 0.49788893096744713 4.398271306286125 1.0664472324565875
0.40000099996420224 0.731692268044976 0.5626962909078222 0.5851387638881669 0.23369021314132382 1.0407439046266769 0.31334181760952007
0.40000099996420224 0.8109842216127255 0.5626962909078222 0.589164584896993 0.2451157884879135 1.7362160360897256 0.3372319871542622
0.40000099996420224 0.9410643886670472 0.5626962909078222 0.5953632488195273 0.2614187051125203 2.245722016667924 0.5994290833329391
0.40000099996420224 0.9947506788464986 0.5626962909078222 0.5977914524400512 0.2674029687050205 1.82427705423746 0.49382722862911144
0.40000099996420224 1.0892933812684373 0.5626962909078222 0.6019037495103153 0.27705178644236844 0.3584734365440337 0.5204742007080658
0.40000099996420224 1.1740321906841333 0.5626962909078222 0.6054278731236694 0.28485771273485394 1.7090355785950302 0.6219913698976789
0.40000099996420224 1.4325785161290325 0.5626962909078222 0.6153752713673503 0.3047796662918734 1.0361007564457705 0.5892514510327433
0.40000099996420224 1.6119698566308256 0.5626962909078222 0.6216791458387414 0.31594579725368643 2.0482129009590633 0.7452398059593475
0.40000099996420224 1.9355246393971979 0.5626962909078222 0.6320629116346874 0.33219279086327946 1.3815063508080405 0.6918101081812645
0.40000099996420224 3.2089913527090044 0.5626962909078222 0.6647126412509218 0.3697888556028069 2.485455668950441 0.890137376213211
0.40000099996420224 6.534467213232665 0.5626962909078222 0.7207922945019823 0.4052658588088186 3.6193727419573345 0.9434393178931682
0.40000099996420224 12.729658382642988 0.5626962909078222 0.7846193512274441 0.42438672718120013 4.714516290107223 1.3791213874514316
0.40000099996420224 26.108441468682496 0.5626962909078222 0.8661691708651773 0.43549225396197705 2.9453841468082604 1.2310776784093271
0.4999988397213163 0.7438219517363147 0.4501592026988073 0.4624723156291546 0.18841792041245614 0.9787059623742116 0.30987400349288885
0.4999988397213163 0.8121380638839902 0.4501592026988073 0.4655124906843152 0.1962193513377592 0.8023313134631339 0.2970272807230717
0.4999988397213163 0.9320647230675598 0.4501592026988073 0.4705160345256656 0.2083019665341685 1.0775271678380371 0.39104191361559676
0.4999988397213163 0.9712243125848365 0.4501592026988073 0.4720682611232505 0.21186409173328233 1.0505856125499535 0.36092921236183384
0.4999988397213163 1.0476435766567758 0.4501592026988073 0.47499444471921504 0.2183468523024395 0.590211219700805 0.3774747904017004
0.4999988397213163 1.2515661575179 0.4501592026988073 0.4822239936383909 0.23311772389124238 0.7573258612909741 0.36598328249928114
0.4999988397213163 1.4053291473765417 0.4501592026988073 0.4872087240820048 0.24233267775456493 1.2904583578601025 0.48360704784870717
0.4999988397213163 1.588072771804065 0.4501592026988073 0.49270607537200023 0.25164994475865204 1.9521766474834832 0.5753368085439445
0.4999988397213163 2.050860614136731 0.4501592026988073 0.5050116964268123 0.2696404437555353 0.32324555294476515 0.5362310889737995
0.4999988397213163 3.30603804717711 0.4501592026988073 0.5309869287270201 0.29733385571286647 1.3512124934453487 0.6471341437337315
0.4999988397213163 6.576173963285044 0.4501592026988073 0.5755614619530661 0.32440472056325553 1.7873875698771722 0.615698340475087
0.4999988397213163 13.231068373085128 0.4501592026988073 0.6300285088555991 0.3401525156247128 1.231875460930362 0.824662868681293
0.4999988397213163 25.690014711575753 0.4501592026988073 0.690808103408116 0.3482542519209818 4.152825284911047 1.1215557628413804
0.5999974100080298 0.6718274060228443 0.3751334177196936 0.3777524412799479 0.14944579020176613 0.5029088897547772 0.24199417447461036
0.5999974100080298 0.7917551197168426 0.3751334177196936 0.38280227851007775 0.1616404902238258 0.03468994161846751 0.25617761099154446
0.5999974100080298 0.8845492317301672 0.3751334177196936 0.38638558435576215 0.169782210785078 1.0248803943804918 0.3224438702719475
0.5999974100080298 0.978182596707819 0.3751334177196936 0.38976409026308584 0.17706643729725452 0.7836733044165046 0.22751781903865287
0.5999974100080298 1.058753966855464 0.3751334177196936 0.3925068115815428 0.18270165657485352 1.5233675178338475 0.3251880274570285
0.5999974100080298 1.2197674536747873 0.3751334177196936 0.39760199570135984 0.19252087198544585 0.4455394525320119 0.264323950562676
0.5999974100080298 1.3985933948717952 0.3751334177196936 0.40276100027440404 0.20163185616901547 1.2133953682581213 0.23950259426354703
0.5999974100080298 1.6641739547325116 0.3751334177196936 0.4096579978471642 0.21258301606394175 0.7080678825385053 0.3013430075825963
0.5999974100080298 2.1272746691480595 0.3751334177196936 0.4200631257050327 0.22669853186525382 1.5131161667210504 0.43064271472162047
0.5999974100080298 3.274592149999994 0.3751334177196936 0.44030245669462176 0.2473800557177239 0.7662444599522342 0.4152685418411871
0.5999974100080298 6.515300094300937 0.3751334177196936 0.4780389338631773 0.2701055171671355 1.5085596466224127 0.5005432853511753
0.5999974100080298 12.833703530377651 0.3751334177196936 0.522250713999739 0.283040606935791 1.9224511647818836 0.5025340754122162
0.5999974100080298 25.92347861128333 0.3751334177196936 0.5760545640096496 0.2902785799465226 2.055393647298564 0.6443840564788977
0.6999998335881965 0.7029056474649402 0.32154161792513863 0.3229828549421825 0.13098028325750324 0.268675551282393 0.15528292482642148
0.6999998335881965 0.7939288582073191 0.32154161792513863 0.3263703125167236 0.1387220453049658 0.41960266423803055 0.15295856489525905
0.6999998335881965 0.8260454769773072 0.32154161792513863 0.32750294486096193 0.14122830682809798 0.6648866767190759 0.1695139199058338
0.6999998335881965 0.9829360992448741 0.32154161792513863 0.3326443942828358 0.15206867781570638 0.6112378689758847 0.18703367994751188
0.6999998335881965 1.1139439491562568 0.32154161792513863 0.3365236031810325 0.15965710177286813 0.17537508416124276 0.19731213304492584
0.6999998335881965 1.153956668914361 0.32154161792513863 0.33764553047417856 0.1617570646187974 0.25682853191049976 0.18589098707564813
0.6999998335881965 1.4288696128055394 0.32154161792513863 0.34470609050700884 0.1740168396598761 0.746016195649603 0.25534556750531134
0.6999998335881965 1.6025389341963348 0.32154161792513863 0.3486892286244014 0.18023063118127106 0.4225944042890105 0.22051279125257214
0.6999998335881965 2.0336791024811265 0.32154161792513863 0.3574074764208904 0.19220156043898678 0.89742785937769 0.2551697596311963
0.6999998335881965 3.227747253505933 0.32154161792513863 0.3760953477795361 0.21151991933312952 1.4712575917416224 0.2701708437866946
0.6999998335881965 6.592006831062082 0.32154161792513863 0.4099405245257375 0.23176841336888285 1.427347312564568 0.4900643522553664
0.6999998335881965 13.129205840363426 0.32154161792513863 0.4487819252653672 0.24287518580731599 1.6591141290173421 0.562295829210074
0.6999998335881965 25.852332729234103 0.32154161792513863 0.49342214019328506 0.24879203029085847 2.3574758885339437 0.6865218558020145
