0.009999926060298328 0.26342344250829747 22.508074327957754 23.167517826673212 5.059695763143492 1.6058764941929082 0.0976160627659998 22.424452846721167
0.009999926060298328 0.18463207121013542 22.508074327957754 22.984988690394577 3.8745401076896844 5.073941037776142 0.4485337120650538 48.72082138275262
0.009999926060298328 0.14052826215053715 22.508074327957754 22.877772429632994 3.1101422967544305 3.7330560153436636 0.3918614738823515 30.186676824903984
0.009999926060298328 0.20996299535050053 22.508074327957754 23.04487693716259 4.278796255226985 1.678999893018633 0.27798087906675073 8.608059743957998
0.009999926060298328 0.20065020171081682 22.508074327957754 23.022997337438625 4.132918263866231 8.287747787078601 1.7945737208633987 32.48857089620954
0.009999926060298328 0.21546057679198838 22.508074327957754 23.057719117564492 4.363465955998512 5.634377553102369 1.1231218983769995 23.992961374929873
0.009999926060298328 0.4773532311111108 22.508074327957754 23.614989465354725 7.454204398443998 39.01481977195284 23.616313387302263 54.70990572577195
0.009999926060298328 0.7190298546966997 22.508074327957754 24.05572751522546 9.269873444582567 26.86240530787471 23.089727536523927 26.527104397114776
0.009999926060298328 0.840322507002802 22.508074327957754 24.2569374150909 9.961640672224906 41.234936525763544 34.35423973913206 42.011595788898134
0.009999926060298328 0.9308439098549312 22.508074327957754 24.399828658240352 10.409458264947336 30.708545160787647 29.10700019619516 27.50045596466055
0.009999926060298328 0.9744767479160045 22.508074327957754 24.466679719789965 10.607668891970349 29.5754569728261 26.048112040591157 28.503982038721983
0.009999926060298328 1.1019388707571804 22.508074327957754 24.655059646931743 11.130675748110413 39.91718924058753 34.75367189504446 38.91688480015095
0.009999926060298328 1.1859934986225895 22.508074327957754 24.77409606403102 11.436195037556978 11.48225290416614 20.704448448110973 5.40517065639777
0.009999926060298328 1.3821537829603967 22.508074327957754 25.037698490098244 12.051676770793357 39.46121337539208 35.89758454769312 36.82090873508894
0.009999926060298328 1.6291526092896216 22.508074327957754 25.34516910359729 12.677075567231089 29.850893667879678 32.42773446275453 23.324746175938415
0.009999926060298328 2.032564840670855 22.508074327957754 25.799836506869436 13.452384841225744 38.4592008092275 37.3856970215299 33.58256685674964
0.009999926060298328 3.19415733587463 22.508074327957754 26.87989408766154 14.779893639014675 45.102294504887375 45.06972440785573 38.311682950542874
0.009999926060298328 6.48825243788985 22.508074327957754 28.996119981643695 16.20011209003402 38.17211777467821 41.90556638531276 29.514787106441855
0.009999926060298328 12.92127949080624 22.508074327957754 31.56211331043746 16.988174445248738 60.24403630201031 63.80262573346794 48.2845769483559
0.009999926060298328 25.7550686477987 22.508074327957754 34.64800780946816 17.413913503252754 46.35889345227978 49.68653202932982 36.71523366979626
0.019999998128980713 0.23209764505862654 11.253955004782169 11.547122660201682 2.306676852357969 4.207677257150187 0.2782448877638414 54.01028973561807
0.019999998128980713 0.2187170348977136 11.253955004782169 11.531636164040533 2.2065457126878103 3.135448758879433 0.17638011209045346 47.31171169605624
0.019999998128980713 0.039147999286422354 11.253955004782169 11.30653631666737 0.4954282146802924 4.427732455343821 0.9512423311074788 17.494052792502444
0.019999998128980713 0.06402623887019061 11.253955004782169 11.339868262691233 0.7826812724856458 0.933048951827832 0.07464852312535654 9.899345873465814
0.019999998128980713 0.2206000380058125 11.253955004782169 11.533825092364335 2.2208193912594765 4.318731269226049 0.6527742828004236 24.253151831599517
0.019999998128980713 0.20571244915198303 11.253955004782169 11.516431783017394 2.106285107295502 3.239014781299851 0.5699901152293241 15.623466309344868
0.019999998128980713 0.5271762686406035 11.253955004782169 11.85454911377211 3.9443050952166794 16.382858221346478 7.4653039927900995 30.517623309533803
0.019999998128980713 0.7011184836258467 11.253955004782169 12.011715145963562 4.578628157421304 18.69600742864958 11.976136927833759 24.774212056671246
0.019999998128980713 0.8133362410623063 11.253955004782169 12.105847893467242 4.908732863605237 18.222528099575555 7.576737146951354 37.200938458010576
0.019999998128980713 0.9369996939535539 11.253955004782169 12.203962701140053 5.218999704744487 14.133028777001138 12.497815101032693 13.566107397109215
0.019999998128980713 0.9951436613883881 11.253955004782169 12.248263145239017 5.348920829838319 17.864240665593982 14.650911712799223 18.489421796698153
0.019999998128980713 1.0872160176991175 11.253955004782169 12.316230927382346 5.537033412930954 12.697457404316062 11.461084828310144 11.94061406978849
0.019999998128980713 1.1902662080986859 11.253955004782169 12.389375364722437 5.725451520119338 6.79206994880276 12.810715529659669 3.0566785675728068
0.019999998128980713 1.3707183016065883 11.253955004782169 12.510806032157674 6.009480860874328 26.50474114562045 18.606719114095906 32.047650241213596
0.019999998128980713 1.5951006020733627 11.253955004782169 12.651540728215984 6.299440911752752 3.809242723347784 13.381708813953727 0.9204168854493074
0.019999998128980713 2.0583980765417427 11.253955004782169 12.913100686032342 6.747057091674558 30.23898072867642 23.489975011225322 33.04232520593497
0.019999998128980713 3.2809871438091482 11.253955004782169 13.474826347830358 7.423817909066485 26.481942984490285 24.285285656614274 24.511807411120223
0.019999998128980713 6.593793969324331 11.253955004782169 14.52490700464856 8.112095231337372 20.23684843795533 22.586120730735743 15.39086300399861
0.019999998128980713 12.52563227639056 11.253955004782169 15.717396738122424 8.480881913019418 12.595634318406825 20.013355835894263 6.728821838530081
0.019999998128980713 25.44076589763985 11.253955004782169 17.294022767693438 8.704179915629494 46.85743552446647 48.76746473617806 38.2160426989693
0.049999886885329754 0.21482388846960135 4.501591764706891 4.60823853332284 0.8707383765153249 1.225869126323751 0.051308974614024706 24.860722095289507
0.049999886885329754 0.018833665663082425 4.501591764706891 4.5084061569101825 0.0981634837080056 1.0017229747385592 0.10238385407100821 8.319220872364076
0.049999886885329754 0.03831345248722766 4.501591764706891 4.519133651262847 0.1941767351495591 3.9294636021497307 0.9577774022194532 13.6842441513995
0.049999886885329754 0.06159994718265709 4.501591764706891 4.531698090760296 0.302212702586823 0.542614796564067 0.11480514369390463 2.176911521002285
0.049999886885329754 0.09349850156852176 4.501591764706891 4.548475691400288 0.4394601107063354 0.7292802621339194 0.04336302731646272 10.410897835358565
0.049999886885329754 0.2044570970804223 4.501591764706891 4.603359599437222 0.8385811672783352 1.210645250613202 0.07093017121929292 17.53967963405561
0.049999886885329754 0.3973840725416444 4.501591764706891 4.688358460015323 1.3343534850615295 0.1388168422048359 0.08908246939500201 0.183616174103799
0.049999886885329754 0.7122975780227658 4.501591764706891 4.806624010159042 1.8455730422397125 10.005446419995755 4.517972875379999 18.808241026729892
0.049999886885329754 0.8064151965065498 4.501591764706891 4.838254792701608 1.9559358035750287 8.189369047947245 4.623672623175539 12.312115147257273
0.049999886885329754 0.9685241626434958 4.501591764706891 4.889556416450544 2.116239385829621 15.505117123481252 1.7844918178885398 114.35480059813099
0.049999886885329754 1.0152686297689397 4.501591764706891 4.903679108256746 2.1567234404943574 1.8241708318970145 5.243867268296336 0.538639481662781
0.049999886885329754 1.1037530621025076 4.501591764706891 4.929669752200681 2.2275038157186926 17.939113079341098 8.54944001800619 31.950902120809573
0.049999886885329754 1.2355745234721836 4.501591764706891 4.966732275336565 2.320738137647426 5.089669870990751 5.462968780261797 4.025032288157744
0.049999886885329754 1.475472213174083 4.501591764706891 5.0297331933448355 2.460969249395541 12.283747693865859 4.092382123170369 31.29712581586706
0.049999886885329754 1.6176915030922299 4.501591764706891 5.064728345259791 2.530196677929945 9.716348516169173 7.295563467667859 10.9841432444947
0.049999886885329754 2.0100492773892804 4.501591764706891 5.1537657362408185 2.6830402905656534 14.289902622641687 9.530076963739246 18.187834357516152
0.049999886885329754 3.304151406292007 4.501591764706891 5.392773650936695 2.9730535087948895 14.896045743665942 10.21329874197604 18.441439528976215
0.049999886885329754 6.494436039426507 4.501591764706891 5.799173564341675 3.2402932584769575 11.455118961136131 8.256387381542385 13.490498733994906
0.049999886885329754 12.842364821780404 4.501591764706891 6.306970292492933 3.3965934268773514 15.707154428356743 12.482931654609274 16.776342892298107
0.049999886885329754 25.73441998564768 4.501591764706891 6.928545942248463 3.482694319786724 13.993661669687667 9.403061251927566 17.677153519922054
0.1 0.009183951545926432 2.2507907903927653 2.2459047946544435 0.024275638743742847 1.045239890462358 0.12856841031425986 7.2130100448945464
0.1 0.02462329177800615 2.2507907903927653 2.2502904708800977 0.06363230576469026 1.0393096465743266 0.1125303095917141 8.147779408650894
0.1 0.03629475281634497 2.2507907903927653 2.2535610030914475 0.09223678360375319 0.9943360369036531 0.10952550542594622 7.6624905610446294
0.1 0.06317709320695103 2.2507907903927653 2.2609531341634184 0.1546398922608503 0.7273947202797398 0.12039397726888326 3.730391274944679
0.1 0.09950239043105366 2.2507907903927653 2.270647496082379 0.23200679439137475 1.421791260707513 0.08253343004428952 20.790294722405747
0.1 0.20174794741593313 2.2507907903927653 2.2963208299414783 0.41502456126550147 0.9360270171552193 0.08934437120228637 8.323930230941523
0.1 0.40879552139067593 2.2507907903927653 2.34245189851707 0.6790516065631457 0.3738666789894111 0.11682416606280428 1.0155929804622352
0.1 0.7662147369155601 2.2507907903927653 2.4091329957330174 0.9552830060971738 4.323126070199492 1.2716484196091073 12.475202525042429
0.1 0.851311031773537 2.2507907903927653 2.423226820073047 1.001877602275717 5.288891531805283 1.458701523005313 16.277276610167892
0.1 0.9362622456140355 2.2507907903927653 2.4367460497933258 1.0434581756517411 6.772729799218189 1.4114307826082417 27.585875626937074
0.1 1.0135834941270396 2.2507907903927653 2.448613408810353 1.0776491272733186 3.471431292906941 2.037503245686132 5.020392804584434
0.1 1.1758415126471333 2.2507907903927653 2.472300552821074 1.1400690657882677 2.9702784061777554 2.385338312423408 3.139519549687549
0.1 1.2323792264264264 2.2507907903927653 2.4802019905918757 1.1593130014727684 0.6735616079349608 2.8524057346373084 0.1350088409031286
0.1 1.4154981741700736 2.2507907903927653 2.5046854873020106 1.2144677937958703 4.739189658762605 2.7142871430717044 7.02378563341636
0.1 1.5789860458291023 2.2507907903927653 2.5252638653153054 1.2561094865858722 6.717822940849927 2.6346108781977384 14.53983523508855
0.1 2.0449308707482996 2.2507907903927653 2.5784966775516756 1.3472407111843696 4.291337326056406 2.548769526487693 6.133008998310024
0.1 3.1322859891230466 2.2507907903927653 2.68069383821475 1.4729544751231662 4.748131824774422 3.4125717606794814 5.607671995665752
0.1 6.5205971768707585 2.2507907903927653 2.8999118857596304 1.620748323921051 2.940103438074776 3.95328913464765 1.8560321750893143
0.1 13.169578086838522 2.2507907903927653 3.1631851345318878 1.7003777894479006 12.737269743421557 7.911866566696756 17.4057442370331
0.1 25.718500677506764 2.2507907903927653 3.4635915098015335 1.7413160032785049 14.76767140394763 9.897222168251874 18.703788415290326
0.1500002393958719 0.010255548753712998 1.5005247987988934 1.4912190409710206 0.018043466674924555 0.4477295609144402 0.021665833715918487 7.853712378825351
0.1500002393958719 0.01892579692506464 1.5005247987988934 1.4929209744182763 0.032876682400489014 1.0843853346527303 0.1561795150868784 6.390900565299954
0.1500002393958719 0.03976058625322997 1.5005247987988934 1.4969477805443228 0.06703246333967444 1.0649296266072121 0.1524463394734117 6.31456848472352
0.1500002393958719 0.062030830826873495 1.5005247987988934 1.501157823129276 0.10138183914323522 0.1370986701279114 0.0012808290161601377 12.456447047644158
0.1500002393958719 0.10111526023505081 1.5005247987988934 1.5083262037569303 0.1568478841217101 1.1128493276492868 0.043304777736498795 24.274806747815912
0.1500002393958719 0.1986395673511557 1.5005247987988934 1.5251261866299015 0.2733982771448117 0.4672434281320221 0.03441335097271074 5.384908139701577
0.1500002393958719 0.40227617423948264 1.5005247987988934 1.5562107972671904 0.44819775167393316 0.37584790752981123 0.0830710994671083 1.4434215154012093
0.1500002393958719 0.7473534637117691 1.5005247987988934 1.6002504819118282 0.6294631414264329 1.5092159848423936 0.7303130387445866 2.6473575326743606
0.1500002393958719 0.830470775896023 1.5005247987988934 1.6096654271814304 0.660636443855168 2.0059434594801107 0.7731391006678858 4.417724177450699
0.1500002393958719 0.9522757819018826 1.5005247987988934 1.6227989582696416 0.7005371554967772 4.240924790566806 1.116274981430348 13.676306011226814
0.1500002393958719 0.9435103454015827 1.5005247987988934 1.6218783122330644 0.6978673654981545 3.0482584162147597 1.1503278465515923 6.856473307058161
0.1500002393958719 1.1192080541455154 1.5005247987988934 1.6396767982515053 0.7463794652215042 0.854942061638916 1.6632000634414579 0.37303341400916656
0.1500002393958719 1.2429618689864212 1.5005247987988934 1.6514600793428913 0.77519105987897 3.4250828599269134 2.1744098553535984 4.579516379304588
0.1500002393958719 1.3269268737711333 1.5005247987988934 1.659140654111759 0.7927024809059656 3.3571117729709905 2.031853429794613 4.7082344996912795
0.1500002393958719 1.647516963078521 1.5005247987988934 1.6864524231978142 0.8478751817029456 6.425790279903864 2.9427658444502685 11.910123021737823
0.1500002393958719 1.9422858474465028 1.5005247987988934 1.7092094343992719 0.8866389717301916 2.3744345184780227 2.5414299796546502 1.8830467631248378
0.1500002393958719 3.134727276958883 1.5005247987988934 1.785464583969632 0.9821023039942933 5.367303430494833 3.088555060909116 7.917276411972218
0.1500002393958719 6.4718840693312725 1.5005247987988934 1.93046816121465 1.0797433153845042 8.377512416041299 2.032823361715886 29.30551627922293
0.1500002393958719 13.093347111283418 1.5005247987988934 2.1065162759494496 1.1332654746974764 6.000829810514244 3.70088183212126 8.259167253958108
0.1500002393958719 26.32070844375159 1.5005247987988934 2.3161766207729224 1.1615469648934382 11.485272502350124 1.3638716038330578 82.09713091200965
0.2000003976195905 0.00999501995735608 1.1253931578045497 1.1117445952104361 0.01319389480750984 0.425265266789002 0.02169097030891669 7.077171284412779
0.2000003976195905 0.01961562160625444 1.1253931578045497 1.1132306219094041 0.02553055306847458 0.37087965073057305 0.016374737502290126 7.130344669637744
0.2000003976195905 0.03877800804891933 1.1253931578045497 1.116142935491725 0.04910022424131647 0.6528894670705492 0.05043768716619752 7.173696856522597
0.2000003976195905 0.0619957422354951 1.1253931578045497 1.1195905676083768 0.07599699798019002 0.5350674021389472 0.03610904933167147 6.730073257287348
0.2000003976195905 0.09929698533390292 1.1253931578045497 1.1249559098633832 0.11579474237808805 0.8066678014635078 0.09631622372847634 5.734675619180999
0.2000003976195905 0.2030541213930344 1.1253931578045497 1.1388924146318848 0.2085416937947566 0.08670833425144836 0.0023990146647255095 2.6601592908011154
0.2000003976195905 0.3940148250177691 1.1253931578045497 1.1615317648051842 0.33180926650025816 0.4264743855281238 0.04765653234308565 3.23953238211166
0.2000003976195905 0.7397052320376911 1.1253931578045497 1.1956686922128352 0.46980696287185547 0.6042434934183949 0.4533982580432972 0.6835384943766587
0.2000003976195905 0.8753998500524807 1.1253931578045497 1.207346674923952 0.5070657758723405 1.0845281355615608 0.7874433931581437 1.2678887915272683
0.2000003976195905 1.0108090941850956 1.1253931578045497 1.2182571184394142 0.5382373427027102 3.4987803784816487 1.3378808858246651 7.766668612348131
0.2000003976195905 1.0138294150014484 1.1253931578045497 1.21849284558934 0.5388753549238129 1.1840075586284435 1.0113597454154284 1.176581852889366
0.2000003976195905 1.1447306742723429 1.1253931578045497 1.2284180052790994 0.5644825655612363 1.6967058374943351 1.1784977190043169 2.073496092892563
0.2000003976195905 1.159689203181489 1.1253931578045497 1.2295176873527685 0.567175088636211 0.8731148925041774 1.1314603053657382 0.5719029399383835
0.2000003976195905 1.4122942629708597 1.1253931578045497 1.2471445728611965 0.6067919433208675 1.6217149059328477 1.6889592523167964 1.3217481301506537
0.2000003976195905 1.6502938917378884 1.1253931578045497 1.262341775932388 0.6362145394611153 1.885281601530212 1.3721632185859627 2.198697812913669
0.2000003976195905 2.1070306678057853 1.1253931578045497 1.288501961009407 0.678535737320355 0.4335488098883151 1.5728266103187514 0.10144111358510063
0.2000003976195905 3.1907699672784178 1.1253931578045497 1.339612754897315 0.7388523066744827 5.320057260654667 2.4879487114450503 9.6562844335148
0.2000003976195905 6.367510630246115 1.1253931578045497 1.4439565286395006 0.8085694093683228 6.095452515378924 1.204147000479898 26.190950283431064
0.2000003976195905 12.734148693790155 1.1253931578045497 1.573468769056145 0.848788783387146 7.0450440642029095 1.1874309982472198 35.47953383981777
0.2000003976195905 25.90433983183696 1.1253931578045497 1.7328283295847804 0.8708141186739687 8.276638814344999 3.9926993365959076 14.56331551673821
0.2500003050954382 0.009147657816567128 0.9003152174288429 0.8823747987334299 0.009672389498221756 0.8048464322386306 0.07436679801580948 7.393768070786706
0.2500003050954382 0.019614919583524727 0.9003152174288429 0.8837548824917117 0.020423748056969945 0.7184037227978642 0.06213223729185871 7.050810064509076
0.2500003050954382 0.03707673979779413 0.9003152174288429 0.8860178491105631 0.03764770086969877 0.10960912021930662 4.530622519875279e-05 225.0890478142223
0.2500003050954382 0.06304980855565773 0.9003152174288429 0.8892975115672216 0.0617420264484089 0.06478266321413867 3.8159568334926794e-05 93.35401523576724
0.2500003050954382 0.09105071002460036 0.9003152174288429 0.8927251298448142 0.08586720934775825 0.2751128162226974 0.0075671588394012656 8.48999930381553
0.2500003050954382 0.19547847798742107 0.9003152174288429 0.9046459618581401 0.16202044516494682 0.4637531000859478 0.012067034685276175 15.128363466475127
0.2500003050954382 0.41367485436893103 0.9003152174288429 0.926176053332689 0.2736209294715586 0.584022509497844 0.05740427307899736 5.043520727415483
0.2500003050954382 0.7254282779567406 0.9003152174288429 0.9515884179917329 0.37237188514025665 0.9334248619859653 0.4184532574716711 1.767382844315029
0.2500003050954382 0.845453250675568 0.9003152174288429 0.9601853170128488 0.39953480958204857 0.9018712080944845 0.626902964855782 1.1013049232969974
0.2500003050954382 0.9715659722917711 0.9003152174288429 0.9686652904234552 0.42378734178667044 1.548057571178919 0.9606625512909284 2.11749412376163
0.2500003050954382 1.0089905238970571 0.9003152174288429 0.9710842882726582 0.43028199335743234 1.888171171904257 1.097856995797584 2.7564861280259034
0.2500003050954382 1.053407867924528 0.9003152174288429 0.9739017025207867 0.43762341461624016 1.443926745680381 0.670550247267658 2.639233738146459
0.2500003050954382 1.2160322875816982 0.9003152174288429 0.9837610071122985 0.46154652322740414 1.6767560890932631 1.0113688235007967 2.359658105566256
0.2500003050954382 1.3570033517156845 0.9003152174288429 0.9917902872424733 0.47917315772219954 1.535728346281583 1.1481906440929568 1.7435469914891362
0.2500003050954382 1.637013754991213 0.9003152174288429 1.006543387860849 0.5077867403537714 3.222244938022896 1.4711850455281816 5.990577046315405
0.2500003050954382 2.0817944153256707 0.9003152174288429 1.0273736311493462 0.5412519902198488 0.7846716465855048 1.206770158021635 0.4330820836717586
0.2500003050954382 3.345326350230417 0.9003152174288429 1.0750285496144003 0.5958398996784003 0.38903339487449934 1.3121303437222651 0.09790742908927286
0.2500003050954382 6.4161032367816055 0.9003152174288429 1.1550546215436932 0.6473206610538115 2.595399560228823 1.3998377062853276 4.084600869197614
0.2500003050954382 12.801354756416188 0.9003152174288429 1.2589480743478614 0.6792089397671351 4.261807346958224 2.204153422366404 6.99462871258636
0.2500003050954382 26.275160190300802 0.9003152174288429 1.3886404085697517 0.6968985975880891 1.1289380997312681 1.6771149386512576 0.6450543260543123
0.2999990580912347 0.009750153460348474 0.7502659524045112 0.7282261362184654 0.008583589882824046 0.028149070353658656 1.7498795486779632e-06 384.3605596749493
0.2999990580912347 0.01777907584635414 0.7502659524045112 0.7291849427440442 0.015468281347210443 0.059252664356656354 5.853648832552823e-05 50.9105702709498
0.2999990580912347 0.03943498395182292 0.7502659524045112 0.7317184886796292 0.03325725099668167 0.062390312839565414 8.957828607537814e-06 368.8505517484544
0.2999990580912347 0.06312631335940051 0.7502659524045112 0.7344072871699858 0.05150894463632152 0.07710725943679221 5.23230315488733e-05 96.45316789484313
0.2999990580912347 0.09681343684895843 0.7502659524045112 0.7380933490098517 0.07551093022884581 0.6897582384781374 0.07126913501934316 5.666451350903111
0.2999990580912347 0.19951723390383053 0.7502659524045112 0.7484782059136296 0.13716465458230462 0.41392483913988914 0.0005631528915243667 258.2471388310341
0.2999990580912347 0.4113716849315075 0.7502659524045112 0.766845824784099 0.22723336020550586 0.25294000168355363 0.0745607233873342 0.7283561320549343
0.2999990580912347 0.7119097846506305 0.7502659524045112 0.7882260507454228 0.3075147933091351 1.1675839189639479 0.2827125887931792 4.093077066612531
0.2999990580912347 0.8052177193852259 0.7502659524045112 0.7940761823248542 0.3257703327386575 0.39697297361929473 0.4399317709412016 0.3040572852587417
0.2999990580912347 0.9175464449958661 0.7502659524045112 0.8007314279669963 0.34489457239653315 0.8215220080950304 0.7977127573142897 0.7181426615344396
0.2999990580912347 0.961699393343172 0.7502659524045112 0.8032431441898304 0.35168934162614063 1.3864134869463134 0.7661243252189538 2.1296349071209826
0.2999990580912347 1.0502305995681778 0.7502659524045112 0.8081185682850415 0.3642606557356091 0.4348410075540007 0.7728863678120479 0.20766542681752556
0.2999990580912347 1.1845564054232796 0.7502659524045112 0.815144438030649 0.3810385339871982 1.2096926563989747 0.818613913350328 1.5173641754080673
0.2999990580912347 1.344516229187071 0.7502659524045112 0.8229992948594573 0.39809469327018493 1.1699622542531667 0.709087293881374 1.6385619191480285
0.2999990580912347 1.5561097365406653 0.7502659524045112 0.8326615599851231 0.41688507661200985 0.7101435088518723 0.9843070868110204 0.4348910709899166
0.2999990580912347 1.927487371512483 0.7502659524045112 0.847992881847318 0.44245355335131337 1.2450187196229587 0.8500778633795918 1.547789568352277
0.2999990580912347 3.1956169842829056 0.7502659524045112 0.8899456526792444 0.49269988554334454 0.9156724910673862 1.2649443267460916 0.5626363439334207
0.2999990580912347 6.409041762789189 0.7502659524045112 0.9613216606375491 0.5393802987057845 4.477239061331642 1.0070223821843522 16.896638183110124
0.2999990580912347 12.904030240885422 0.7502659524045112 1.0495624502798853 0.5662329364418824 4.023804241395836 0.9680782268661713 14.196526428243406
0.2999990580912347 25.49852981255093 0.7502659524045112 1.1519232376480306 0.5803139984873055 4.246223038335485 2.140048896718299 7.151559689820672
0.3499996110265518 0.00956280174717368 0.6430837976622822 0.6167747916181834 0.007217973708145382 0.025396251231119604 3.5301794058724916e-06 155.08197094358857
0.3499996110265518 0.01931074722222223 0.6430837976622822 0.6178802919265297 0.014368568351186219 0.038066236718374835 3.5906306149492676e-06 342.55319142714865
0.3499996110265518 0.037736188059701505 0.6430837976622822 0.6199232107616747 0.02734394400928998 0.08686991795123725 0.0004247903438057336 15.079364747403082
0.3499996110265518 0.06292653158346194 0.6430837976622822 0.6226238781695508 0.04402275868015061 0.07413200620747329 1.3338973234164218e-05 349.70993087332204
0.3499996110265518 0.10076091503939699 0.6430837976622822 0.6264985759019776 0.0670160667184198 0.20898255334407057 0.0003733025163043199 99.30657515132594
0.3499996110265518 0.19326267148760287 0.6430837976622822 0.6351974440536193 0.1147121576062183 0.1757997144449281 0.0010336551644348365 25.379292516272518
0.3499996110265518 0.4156762728363333 0.6430837976622822 0.6528482098535391 0.19602640836554616 0.258146778841626 0.05677595088500273 0.9962948000650151
0.3499996110265518 0.7312838438661708 0.6430837976622822 0.6728824798915738 0.26700439961606914 0.736576063227691 0.3737086774181867 1.2323125745638475
0.3499996110265518 0.8474555427774877 0.6430837976622822 0.6792641094849176 0.2856802587950966 0.6949674349084068 0.5027350232162308 0.8154711995411423
0.3499996110265518 0.9224601777313103 0.6430837976622822 0.6831652603382439 0.2962874789950221 1.176256225953556 0.6685084322358373 1.7567737774884495
0.3499996110265518 1.051592187391151 0.6430837976622822 0.6895308569400905 0.3123798387239619 2.3206701845777573 0.8781349886671624 5.205763368578328
0.3499996110265518 1.1633270079999998 0.6430837976622822 0.6947228452714962 0.32447142652634015 1.4214334871293797 0.5940703638633315 2.8869154012167737
0.3499996110265518 1.1480796121593289 0.6430837976622822 0.6940301887630359 0.32290913114469255 0.504661253429569 0.6994727629471035 0.30906368300287823
0.3499996110265518 1.3828681982447057 0.6430837976622822 0.7042012747338652 0.3443893514969772 0.3531343776690688 0.7214745927257036 0.1467161136053257
0.3499996110265518 1.5712974854402189 0.6430837976622822 0.7116921489775094 0.3583682498144994 1.7211325422021422 0.8415027044403244 2.988078314208533
0.3499996110265518 1.9453354067971136 0.6430837976622822 0.7251565378151063 0.3801414351135832 1.448437704354701 0.9420132462909148 1.8904338828754361
0.3499996110265518 3.3152975224292667 0.6430837976622822 0.7640593643772452 0.4249613128012834 1.3826618709951102 0.8901248337202889 1.823055605069343
0.3499996110265518 6.564846049318851 0.6430837976622822 0.8253185986304781 0.4633611602903362 2.149365629872004 1.1639799682607068 3.3689452489117606
0.3499996110265518 13.156281755829893 0.6430837976622822 0.9013030517447733 0.48579910922859365 2.3803205515442074 1.0478066766001688 4.589956722811726
0.3499996110265518 26.496806144867897 0.6430837976622822 0.9923740846917156 0.49788893096744713 2.9233998428077785 1.0664472324565875 6.802302271137217
0.40000099996420224 0.009367241053197192 0.5626962909078222 0.532003627472497 0.006188336735276841 0.035954058104669874 3.3089589703276785e-06 331.6067096188648
0.40000099996420224 0.020092931828765866 0.5626962909078222 0.5332134238004739 0.013066801487178339 0.037244577506851576 3.797674437744208e-06 310.04678508664364
0.40000099996420224 0.03879698630824374 0.5626962909078222 0.5352642103303124 0.02456145379997476 0.11544918785540914 5.577482514694461e-06 2028.4411226666887
0.40000099996420224 0.06286684721923202 0.5626962909078222 0.5378018003546503 0.0384863880003727 0.06326038673746612 4.150110009367071e-07 8185.08013822005
0.40000099996420224 0.09480033387067899 0.5626962909078222 0.5410101493033967 0.05560188308678608 0.07898511233772332 5.9455064163872314e-05 89.06775129610386
0.40000099996420224 0.20715157017071004 0.5626962909078222 0.5511386414011026 0.10587607813128484 0.2583026219300118 8.213498269515165e-05 689.5223037253344
0.40000099996420224 0.4098073358778621 0.5626962909078222 0.5662227449168473 0.17002269784343835 0.2519603739620313 0.055120354642447425 0.9776228526277737
0.40000099996420224 0.731692268044976 0.5626962909078222 0.5851387638881669 0.23369021314132382 0.6917514530857487 0.31334181760952007 1.2962854949599052
0.40000099996420224 0.8109842216127255 0.5626962909078222 0.589164584896993 0.2451157884879135 1.1540110496891791 0.3372319871542622 3.352046482985541
0.40000099996420224 0.9410643886670472 0.5626962909078222 0.5953632488195273 0.2614187051125203 1.4926644886898863 0.5994290833329391 3.1550442223116253
0.40000099996420224 0.9947506788464986 0.5626962909078222 0.5977914524400512 0.2674029687050205 1.2125425837131587 0.49382722862911144 2.527189605251182
0.40000099996420224 1.0892933812684373 0.5626962909078222 0.6019037495103153 0.27705178644236844 0.2382666086436775 0.5204742007080658 0.09258614874632867
0.40000099996420224 1.1740321906841333 0.5626962909078222 0.6054278731236694 0.28485771273485394 1.1359450097307366 0.6219913698976789 1.7609584816571517
0.40000099996420224 1.4325785161290325 0.5626962909078222 0.6153752713673503 0.3047796662918734 0.688665290883159 0.5892514510327433 0.6831791264319553
0.40000099996420224 1.6119698566308256 0.5626962909078222 0.6216791458387414 0.31594579725368643 1.3613860664172188 0.7452398059593475 2.1109863164723315
0.40000099996420224 1.9355246393971979 0.5626962909078222 0.6320629116346874 0.33219279086327946 0.9182460943275517 0.6918101081812645 1.034546786079308
0.40000099996420224 3.2089913527090044 0.5626962909078222 0.6647126412509218 0.3697888556028069 1.6520083018823077 0.890137376213211 2.6024732448874612
0.40000099996420224 6.534467213232665 0.5626962909078222 0.7207922945019823 0.4052658588088186 2.405689182879275 0.9434393178931682 5.206956132514264
0.40000099996420224 12.729658382642988 0.5626962909078222 0.7846193512274441 0.42438672718120013 3.1335984575840006 1.3791213874514316 6.043702185661248
0.40000099996420224 26.108441468682496 0.5626962909078222 0.8661691708651773 0.43549225396197705 1.9577090525273846 1.2310776784093271 2.642589473967661
0.4999988397213163 0.009365370833333334 0.4501592026988073 0.4102524771777932 0.004949718513578638 0.021999201877426006 9.137958612505694e-06 44.95557149680891
0.4999988397213163 0.018766956919513595 0.4501592026988073 0.41147227315096024 0.009782531463773074 0.032801360972731945 1.5373154331992464e-06 594.0727058647251
0.4999988397213163 0.04011898441358026 0.4501592026988073 0.41410770623274856 0.020280796515123187 0.05843616629663394 1.6223502780150633e-05 178.66425166614644
0.4999988397213163 0.06067094822119116 0.4501592026988073 0.41648960094149273 0.0298035183036901 0.07315714369915753 3.9103674982286076e-05 116.17555789060796
0.4999988397213163 0.09846596759259257 0.4501592026988073 0.4205410955664622 0.045980345280694106 0.05266675481302869 0.00018238183839210166 12.909528740474855
0.4999988397213163 0.19615873186728375 0.4501592026988073 0.42955285584514624 0.08122833019191002 0.19532887718001768 0.005621687858462672 5.7608297251087395
0.4999988397213163 0.4078642064043219 0.4501592026988073 0.4447165953754133 0.13561867498894226 0.29163024731444986 0.03898776112256534 1.8516363390839388
0.4999988397213163 0.7438219517363147 0.4501592026988073 0.4624723156291546 0.18841792041245614 0.6505166819678851 0.30987400349288885 1.1591792349347723
0.4999988397213163 0.8121380638839902 0.4501592026988073 0.4655124906843152 0.1962193513377592 0.5332857098436796 0.2970272807230717 0.8127227425832646
0.4999988397213163 0.9320647230675598 0.4501592026988073 0.4705160345256656 0.2083019665341685 0.7162001917836911 0.39104191361559676 1.1134338388695222
0.4999988397213163 0.9712243125848365 0.4501592026988073 0.4720682611232505 0.21186409173328233 0.6982929430012857 0.36092921236183384 1.1467589330824908
0.4999988397213163 1.0476435766567758 0.4501592026988073 0.47499444471921504 0.2183468523024395 0.39229580595237507 0.3774747904017004 0.3460654453473631
0.4999988397213163 1.2515661575179 0.4501592026988073 0.4822239936383909 0.23311772389124238 0.5033719272133215 0.36598328249928114 0.5876728059784149
0.4999988397213163 1.4053291473765417 0.4501592026988073 0.4872087240820048 0.24233267775456493 0.8577292071833802 0.48360704784870717 1.291298468027055
0.4999988397213163 1.588072771804065 0.4501592026988073 0.49270607537200023 0.25164994475865204 1.2975536311799698 0.5753368085439445 2.4839756511220807
0.4999988397213163 2.050860614136731 0.4501592026988073 0.5050116964268123 0.2696404437555353 0.21485168441438696 0.5362310889737995 0.07307088980414769
0.4999988397213163 3.30603804717711 0.4501592026988073 0.5309869287270201 0.29733385571286647 0.8981106702745697 0.6471341437337315 1.057996564616068
0.4999988397213163 6.576173963285044 0.4501592026988073 0.5755614619530661 0.32440472056325553 1.1880232429835422 0.615698340475087 1.9458114357306113
0.4999988397213163 13.231068373085128 0.4501592026988073 0.6300285088555991 0.3401525156247128 0.8187909017107603 0.824662868681293 0.6900625132132929
0.4999988397213163 25.690014711575753 0.4501592026988073 0.690808103408116 0.3482542519209818 2.7602591881418927 1.1215557628413804 5.766306417292549
0.5999974100080298 0.009529552316523162 0.3751334177196936 0.3253266892872004 0.004196064762405085 0.018129976456708302 1.5330466607330256e-07 1819.9437546740216
0.5999974100080298 0.01857361263589745 0.3751334177196936 0.3271057942085156 0.008070416013649674 0.02160113946880424 8.781596459293085e-06 45.10230166629315
0.5999974100080298 0.03911843828301491 0.3751334177196936 0.33070579026258645 0.01650256459846542 0.048415115308644785 8.624194795433575e-06 230.7077816282837
0.5999974100080298 0.06226975 0.3751334177196936 0.3342282393275593 0.02543489191809167 0.06602438853651002 2.9891452124826506e-05 123.78859156337222
0.5999974100080298 0.09559397538461559 0.3751334177196936 0.33861675904069893 0.037339581679573526 0.11394577105805631 0.0009520699878635173 11.575677202741389
0.5999974100080298 0.2000136437064373 0.3751334177196936 0.3493395527957571 0.06871366501008665 0.2317981709063393 0.0018279679032018427 24.949985819015794
0.5999974100080298 0.4185257305850501 0.3751334177196936 0.36487385808127065 0.11483065514321715 0.12230986484881542 0.07179845920147292 0.17685881376858303
0.5999974100080298 0.6718274060228443 0.3751334177196936 0.3777524412799479 0.14944579020176613 0.3342685493626772 0.24199417447461036 0.3919268179856304
0.5999974100080298 0.7917551197168426 0.3751334177196936 0.38280227851007775 0.1616404902238258 0.0230573702285026 0.25617761099154446 0.0017615591651943833
0.5999974100080298 0.8845492317301672 0.3751334177196936 0.38638558435576215 0.169782210785078 0.681207450651475 0.3224438702719475 1.2215844984504138
0.5999974100080298 0.978182596707819 0.3751334177196936 0.38976409026308584 0.17706643729725452 0.5208842873493317 0.22751781903865287 1.012245739668989
0.5999974100080298 1.058753966855464 0.3751334177196936 0.3925068115815428 0.18270165657485352 1.0125369837483675 0.3251880274570285 2.676123194639195
0.5999974100080298 1.2197674536747873 0.3751334177196936 0.39760199570135984 0.19252087198544585 0.2961367943890124 0.264323950562676 0.28162232840605134
0.5999974100080298 1.3985933948717952 0.3751334177196936 0.40276100027440404 0.20163185616901547 0.8065077349275089 0.23950259426354703 2.3052907697684293
0.5999974100080298 1.6641739547325116 0.3751334177196936 0.4096579978471642 0.21258301606394175 0.4706316169154581 0.3013430075825963 0.6239071178860142
0.5999974100080298 2.1272746691480595 0.3751334177196936 0.4200631257050327 0.22669853186525382 1.0057232162145444 0.43064271472162047 1.9936949375823787
0.5999974100080298 3.274592149999994 0.3751334177196936 0.44030245669462176 0.2473800557177239 0.5092998539165081 0.4152685418411871 0.530196589601076
0.5999974100080298 6.515300094300937 0.3751334177196936 0.4780389338631773 0.2701055171671355 1.0026946331162099 0.5005432853511753 1.7049615942462129
0.5999974100080298 12.833703530377651 0.3751334177196936 0.522250713999739 0.283040606935791 1.2777959888232915 0.5025340754122162 2.7578864761108233
0.5999974100080298 25.92347861128333 0.3751334177196936 0.5760545640096496 0.2902785799465226 1.3661588944804028 0.6443840564788977 2.45853559857609
0.6999998335881965 0.009562812642934177 0.32154161792513863 0.2651453705460949 0.0036089877550731964 0.02501430362405647 4.275694601047262e-06 124.21928244519111
0.6999998335881965 0.018023320560949317 0.32154161792513863 0.2685847836527798 0.006717917884933947 0.027498441259563078 1.6907507199193198e-06 379.62554807110723
0.6999998335881965 0.03734918411053537 0.32154161792513863 0.2739974896379859 0.01353918562800376 0.06180138555385524 3.7628880262367825e-05 86.15767845189421
0.6999998335881965 0.07448200306010927 0.32154161792513863 0.2809987836337743 0.025647195073943422 0.21929824070711532 0.00031109396426501465 131.21925558585886
0.6999998335881965 0.09682081390328147 0.32154161792513863 0.2842429551903084 0.03236388653580613 0.08548251742566004 2.860701242038641e-05 216.82080973660166
0.6999998335881965 0.20165138122977294 0.32154161792513863 0.29537229945141824 0.059267448913919926 0.09610487091383631 0.00056537007766655 13.86681876096535
0.6999998335881965 0.4118201777777775 0.32154161792513863 0.3096503524743629 0.09745107419797701 0.2683785184007551 0.06342059673553282 0.9640155460533065
0.6999998335881965 0.7029056474649402 0.32154161792513863 0.3229828549421825 0.13098028325750324 0.17858063081798997 0.15528292482642148 0.17432668129220288
0.6999998335881965 0.7939288582073191 0.32154161792513863 0.3263703125167236 0.1387220453049658 0.27889738427959176 0.15295856489525905 0.43165218295282565
0.6999998335881965 0.8260454769773072 0.32154161792513863 0.32750294486096193 0.14122830682809798 0.44193035646243634 0.1695139199058338 0.9779601576173929
0.6999998335881965 0.9829360992448741 0.32154161792513863 0.3326443942828358 0.15206867781570638 0.40627159300709553 0.18703367994751188 0.749086473172297
0.6999998335881965 1.1139439491562568 0.32154161792513863 0.3365236031810325 0.15965710177286813 0.11656659122792763 0.19731213304492584 0.05845386888390197
0.6999998335881965 1.153956668914361 0.32154161792513863 0.33764553047417856 0.1617570646187974 0.17070627015269083 0.18589098707564813 0.13306366242045106
0.6999998335881965 1.4288696128055394 0.32154161792513863 0.34470609050700884 0.1740168396598761 0.4958547295563831 0.25534556750531134 0.8173337943685818
0.6999998335881965 1.6025389341963348 0.32154161792513863 0.3486892286244014 0.18023063118127106 0.2808859047199422 0.22051279125257214 0.3037001212978964
0.6999998335881965 2.0336791024811265 0.32154161792513863 0.3574074764208904 0.19220156043898678 0.5964935494739552 0.2551697596311963 1.1835896482471935
0.6999998335881965 3.227747253505933 0.32154161792513863 0.3760953477795361 0.21151991933312952 0.9779010690586553 0.2701708437866946 3.0044862598585316
0.6999998335881965 6.592006831062082 0.32154161792513863 0.4099405245257375 0.23176841336888285 0.9487152152755154 0.4900643522553664 1.5589689966040972
0.6999998335881965 13.129205840363426 0.32154161792513863 0.4487819252653672 0.24287518580731599 1.1027637101507022 0.562295829210074 1.835772793058931
0.6999998335881965 25.852332729234103 0.32154161792513863 0.49342214019328506 0.24879203029085847 1.566943956393334 0.6865218558020145 3.0357878547760784