0.009999926060298328 0.21546057679198838 22.508074327957754 23.057719117564492 4.363465955998512 5.634377553102369 1.1231218983769995
0.009999926060298328 0.4773532311111108 22.508074327957754 23.614989465354725 7.454204398443998 39.01481977195284 23.616313387302263
0.009999926060298328 0.7190298546966997 22.508074327957754 24.05572751522546 9.269873444582567 26.86240530787471 23.089727536523927
0.009999926060298328 0.840322507002802 22.508074327957754 24.2569374150909 9.961640672224906 41.234936525763544 34.35423973913206
0.009999926060298328 0.9308439098549312 22.508074327957754 24.399828658240352 10.409458264947336 30.708545160787647 29.10700019619516
0.009999926060298328 0.9744767479160045 22.508074327957754 24.466679719789965 10.607668891970349 29.5754569728261 26.048112040591157
0.009999926060298328 1.1019388707571804 22.508074327957754 24.655059646931743 11.130675748110413 39.91718924058753 34.75367189504446
0.009999926060298328 1.1859934986225895 22.508074327957754 24.77409606403102 11.436195037556978 11.48225290416614 20.704448448110973
0.009999926060298328 1.3821537829603967 22.508074327957754 25.037698490098244 12.051676770793357 39.46121337539208 35.89758454769312
0.009999926060298328 1.6291526092896216 22.508074327957754 25.34516910359729 12.677075567231089 29.850893667879678 32.42773446275453
0.009999926060298328 2.032564840670855 22.508074327957754 25.799836506869436 13.452384841225744 38.4592008092275 37.3856970215299
0.009999926060298328 3.19415733587463 22.508074327957754 26.87989408766154 14.779893639014675 45.102294504887375 45.06972440785573
0.019999998128980713 0.20571244915198303 11.253955004782169 11.516431783017394 2.106285107295502 3.239014781299851 0.5699901152293241
0.019999998128980713 0.5271762686406035 11.253955004782169 11.85454911377211 3.9443050952166794 16.382858221346478 7.4653039927900995
0.019999998128980713 0.7011184836258467 11.253955004782169 12.011715145963562 4.578628157421304 18.69600742864958 11.976136927833759
0.019999998128980713 0.8133362410623063 11.253955004782169 12.105847893467242 4.908732863605237 18.222528099575555 7.576737146951354
0.019999998128980713 0.9369996939535539 11.253955004782169 12.203962701140053 5.218999704744487 14.133028777001138 12.497815101032693
0.019999998128980713 0.9951436613883881 11.253955004782169 12.248263145239017 5.348920829838319 17.864240665593982 14.650911712799223
0.019999998128980713 1.0872160176991175 11.253955004782169 12.316230927382346 5.537033412930954 12.697457404316062 11.461084828310144
0.019999998128980713 1.1902662080986859 11.253955004782169 12.389375364722437 5.725451520119338 6.79206994880276 12.810715529659669
0.019999998128980713 1.3707183016065883 11.253955004782169 12.510806032157674 6.009480860874328 26.50474114562045 18.606719114095906
0.019999998128980713 1.5951006020733627 11.253955004782169 12.651540728215984 6.299440911752752 3.809242723347784 13.381708813953727
0.019999998128980713 2.0583980765417427 11.253955004782169 12.913100686032342 6.747057091674558 30.23898072867642 23.489975011225322
0.019999998128980713 3.2809871438091482 11.253955004782169 13.474826347830358 7.423817909066485 26.481942984490285 24.285285656614274
0.049999886885329754 0.2044570970804223 4.501591764706891 4.603359599437222 0.8385811672783352 1.210645250613202 0.07093017121929292
0.049999886885329754 0.3973840725416444 4.501591764706891 4.688358460015323 1.3343534850615295 0.1388168422048359 0.08908246939500201
0.049999886885329754 0.7122975780227658 4.501591764706891 4.806624010159042 1.8455730422397125 10.005446419995755 4.517972875379999
0.049999886885329754 0.8064151965065498 4.501591764706891 4.838254792701608 1.9559358035750287 8.189369047947245 4.623672623175539
0.049999886885329754 0.9685241626434958 4.501591764706891 4.889556416450544 2.116239385829621 15.505117123481252 1.7844918178885398
0.049999886885329754 1.0152686297689397 4.501591764706891 4.903679108256746 2.1567234404943574 1.8241708318970145 5.243867268296336
0.049999886885329754 1.1037530621025076 4.501591764706891 4.929669752200681 2.2275038157186926 17.939113079341098 8.54944001800619
0.049999886885329754 1.2355745234721836 4.501591764706891 4.966732275336565 2.320738137647426 5.089669870990751 5.462968780261797
0.049999886885329754 1.475472213174083 4.501591764706891 5.0297331933448355 2.460969249395541 12.283747693865859 4.092382123170369
0.049999886885329754 1.6176915030922299 4.501591764706891 5.064728345259791 2.530196677929945 9.716348516169173 7.295563467667859
0.049999886885329754 2.0100492773892804 4.501591764706891 5.1537657362408185 2.6830402905656534 14.289902622641687 9.530076963739246
0.049999886885329754 3.304151406292007 4.501591764706891 5.392773650936695 2.9730535087948895 14.896045743665942 10.21329874197604
0.1 0.20174794741593313 2.2507907903927653 2.2963208299414783 0.41502456126550147 0.9360270171552193 0.08934437120228637
0.1 0.40879552139067593 2.2507907903927653 2.34245189851707 0.6790516065631457 0.3738666789894111 0.11682416606280428
0.1 0.7662147369155601 2.2507907903927653 2.4091329957330174 0.9552830060971738 4.323126070199492 1.2716484196091073
0.1 0.851311031773537 2.2507907903927653 2.423226820073047 1.001877602275717 5.288891531805283 1.458701523005313
0.1 0.9362622456140355 2.2507907903927653 2.4367460497933258 1.0434581756517411 6.772729799218189 1.4114307826082417
0.1 1.0135834941270396 2.2507907903927653 2.448613408810353 1.0776491272733186 3.471431292906941 2.037503245686132
0.1 1.1758415126471333 2.2507907903927653 2.472300552821074 1.1400690657882677 2.9702784061777554 2.385338312423408
0.1 1.2323792264264264 2.2507907903927653 2.4802019905918757 1.1593130014727684 0.6735616079349608 2.8524057346373084
0.1 1.4154981741700736 2.2507907903927653 2.5046854873020106 1.2144677937958703 4.739189658762605 2.7142871430717044
0.1 1.5789860458291023 2.2507907903927653 2.5252638653153054 1.2561094865858722 6.717822940849927 2.6346108781977384
0.1 2.0449308707482996 2.2507907903927653 2.5784966775516756 1.3472407111843696 4.291337326056406 2.548769526487693
0.1 3.1322859891230466 2.2507907903927653 2.68069383821475 1.4729544751231662 4.748131824774422 3.4125717606794814
0.1500002393958719 0.1986395673511557 1.5005247987988934 1.5251261866299015 0.2733982771448117 0.4672434281320221 0.03441335097271074
0.1500002393958719 0.40227617423948264 1.5005247987988934 1.5562107972671904 0.44819775167393316 0.37584790752981123 0.0830710994671083
0.1500002393958719 0.7473534637117691 1.5005247987988934 1.6002504819118282 0.6294631414264329 1.5092159848423936 0.7303130387445866
0.1500002393958719 0.830470775896023 1.5005247987988934 1.6096654271814304 0.660636443855168 2.0059434594801107 0.7731391006678858
0.1500002393958719 0.9522757819018826 1.5005247987988934 1.6227989582696416 0.7005371554967772 4.240924790566806 1.116274981430348
0.1500002393958719 0.9435103454015827 1.5005247987988934 1.6218783122330644 0.6978673654981545 3.0482584162147597 1.1503278465515923
0.1500002393958719 1.1192080541455154 1.5005247987988934 1.6396767982515053 0.7463794652215042 0.854942061638916 1.6632000634414579
0.1500002393958719 1.2429618689864212 1.5005247987988934 1.6514600793428913 0.77519105987897 3.4250828599269134 2.1744098553535984
0.1500002393958719 1.3269268737711333 1.5005247987988934 1.659140654111759 0.7927024809059656 3.3571117729709905 2.031853429794613
0.1500002393958719 1.647516963078521 1.5005247987988934 1.6864524231978142 0.8478751817029456 6.425790279903864 2.9427658444502685
0.1500002393958719 1.9422858474465028 1.5005247987988934 1.7092094343992719 0.8866389717301916 2.3744345184780227 2.5414299796546502
0.1500002393958719 3.134727276958883 1.5005247987988934 1.785464583969632 0.9821023039942933 5.367303430494833 3.088555060909116
0.2000003976195905 0.2030541213930344 1.1253931578045497 1.1388924146318848 0.2085416937947566 0.08670833425144836 0.0023990146647255095
0.2000003976195905 0.3940148250177691 1.1253931578045497 1.1615317648051842 0.33180926650025816 0.4264743855281238 0.04765653234308565
0.2000003976195905 0.7397052320376911 1.1253931578045497 1.1956686922128352 0.46980696287185547 0.6042434934183949 0.4533982580432972
0.2000003976195905 0.8753998500524807 1.1253931578045497 1.207346674923952 0.5070657758723405 1.0845281355615608 0.7874433931581437
0.2000003976195905 1.0108090941850956 1.1253931578045497 1.2182571184394142 0.5382373427027102 3.4987803784816487 1.3378808858246651
0.2000003976195905 1.0138294150014484 1.1253931578045497 1.21849284558934 0.5388753549238129 1.1840075586284435 1.0113597454154284
0.2000003976195905 1.1447306742723429 1.1253931578045497 1.2284180052790994 0.5644825655612363 1.6967058374943351 1.1784977190043169
0.2000003976195905 1.159689203181489 1.1253931578045497 1.2295176873527685 0.567175088636211 0.8731148925041774 1.1314603053657382
0.2000003976195905 1.4122942629708597 1.1253931578045497 1.2471445728611965 0.6067919433208675 1.6217149059328477 1.6889592523167964
0.2000003976195905 1.6502938917378884 1.1253931578045497 1.262341775932388 0.6362145394611153 1.885281601530212 1.3721632185859627
0.2000003976195905 2.1070306678057853 1.1253931578045497 1.288501961009407 0.678535737320355 0.4335488098883151 1.5728266103187514
0.2000003976195905 3.1907699672784178 1.1253931578045497 1.339612754897315 0.7388523066744827 5.320057260654667 2.4879487114450503
0.2500003050954382 0.19547847798742107 0.9003152174288429 0.9046459618581401 0.16202044516494682 0.4637531000859478 0.012067034685276175
0.2500003050954382 0.41367485436893103 0.9003152174288429 0.926176053332689 0.2736209294715586 0.584022509497844 0.05740427307899736
0.2500003050954382 0.7254282779567406 0.9003152174288429 0.9515884179917329 0.37237188514025665 0.9334248619859653 0.4184532574716711
0.2500003050954382 0.845453250675568 0.9003152174288429 0.9601853170128488 0.39953480958204857 0.9018712080944845 0.626902964855782
0.2500003050954382 0.9715659722917711 0.9003152174288429 0.9686652904234552 0.42378734178667044 1.548057571178919 0.9606625512909284
0.2500003050954382 1.0089905238970571 0.9003152174288429 0.9710842882726582 0.43028199335743234 1.888171171904257 1.097856995797584
0.2500003050954382 1.053407867924528 0.9003152174288429 0.9739017025207867 0.43762341461624016 1.443926745680381 0.670550247267658
0.2500003050954382 1.2160322875816982 0.9003152174288429 0.9837610071122985 0.46154652322740414 1.6767560890932631 1.0113688235007967
0.2500003050954382 1.3570033517156845 0.9003152174288429 0.9917902872424733 0.47917315772219954 1.535728346281583 1.1481906440929568
0.2500003050954382 1.637013754991213 0.9003152174288429 1.006543387860849 0.5077867403537714 3.222244938022896 1.4711850455281816
0.2500003050954382 2.0817944153256707 0.9003152174288429 1.0273736311493462 0.5412519902198488 0.7846716465855048 1.206770158021635
0.2500003050954382 3.345326350230417 0.9003152174288429 1.0750285496144003 0.5958398996784003 0.38903339487449934 1.3121303437222651
0.2999990580912347 0.19951723390383053 0.7502659524045112 0.7484782059136296 0.13716465458230462 0.41392483913988914 0.0005631528915243667
0.2999990580912347 0.4113716849315075 0.7502659524045112 0.766845824784099 0.22723336020550586 0.25294000168355363 0.0745607233873342
0.2999990580912347 0.7119097846506305 0.7502659524045112 0.7882260507454228 0.3075147933091351 1.1675839189639479 0.2827125887931792
0.2999990580912347 0.8052177193852259 0.7502659524045112 0.7940761823248542 0.3257703327386575 0.39697297361929473 0.4399317709412016
0.2999990580912347 0.9175464449958661 0.7502659524045112 0.8007314279669963 0.34489457239653315 0.8215220080950304 0.7977127573142897
0.2999990580912347 0.961699393343172 0.7502659524045112 0.8032431441898304 0.35168934162614063 1.3864134869463134 0.7661243252189538
0.2999990580912347 1.0502305995681778 0.7502659524045112 0.8081185682850415 0.3642606557356091 0.4348410075540007 0.7728863678120479
0.2999990580912347 1.1845564054232796 0.7502659524045112 0.815144438030649 0.3810385339871982 1.2096926563989747 0.818613913350328
0.2999990580912347 1.344516229187071 0.7502659524045112 0.8229992948594573 0.39809469327018493 1.1699622542531667 0.709087293881374
0.2999990580912347 1.5561097365406653 0.7502659524045112 0.8326615599851231 0.41688507661200985 0.7101435088518723 0.9843070868110204
0.2999990580912347 1.927487371512483 0.7502659524045112 0.847992881847318 0.44245355335131337 1.2450187196229587 0.8500778633795918
0.2999990580912347 3.1956169842829056 0.7502659524045112 0.8899456526792444 0.49269988554334454 0.9156724910673862 1.2649443267460916
0.3499996110265518 0.19326267148760287 0.6430837976622822 0.6351974440536193 0.1147121576062183 0.1757997144449281 0.0010336551644348365
0.3499996110265518 0.4156762728363333 0.6430837976622822 0.6528482098535391 0.19602640836554616 0.258146778841626 0.05677595088500273
0.3499996110265518 0.7312838438661708 0.6430837976622822 0.6728824798915738 0.26700439961606914 0.736576063227691 0.3737086774181867
0.3499996110265518 0.8474555427774877 0.6430837976622822 0.6792641094849176 0.2856802587950966 0.6949674349084068 0.5027350232162308
0.3499996110265518 0.9224601777313103 0.6430837976622822 0.6831652603382439 0.2962874789950221 1.176256225953556 0.6685084322358373
0.3499996110265518 1.051592187391151 0.6430837976622822 0.6895308569400905 0.3123798387239619 2.3206701845777573 0.8781349886671624
0.3499996110265518 1.1633270079999998 0.6430837976622822 0.6947228452714962 0.32447142652634015 1.4214334871293797 0.5940703638633315
0.3499996110265518 1.1480796121593289 0.6430837976622822 0.6940301887630359 0.32290913114469255 0.504661253429569 0.6994727629471035
0.3499996110265518 1.3828681982447057 0.6430837976622822 0.7042012747338652 0.3443893514969772 0.3531343776690688 0.7214745927257036
0.3499996110265518 1.5712974854402189 0.6430837976622822 0.7116921489775094 0.3583682498144994 1.7211325422021422 0.8415027044403244
0.3499996110265518 1.9453354067971136 0.6430837976622822 0.7251565378151063 0.3801414351135832 1.448437704354701 0.9420132462909148
0.3499996110265518 3.3152975224292667 0.6430837976622822 0.7640593643772452 0.4249613128012834 1.3826618709951102 0.8901248337202889
0.40000099996420224 0.20715157017071004 0.5626962909078222 0.5511386414011026 0.10587607813128484 0.2583026219300118 8.213498269515165e-05
0.40000099996420224 0.4098073358778621 0.5626962909078222 0.5662227449168473 0.17002269784343835 0.2519603739620313 0.055120354642447425
0.40000099996420224 0.731692268044976 0.5626962909078222 0.5851387638881669 0.23369021314132382 0.6917514530857487 0.31334181760952007
0.40000099996420224 0.8109842216127255 0.5626962909078222 0.589164584896993 0.2451157884879135 1.1540110496891791 0.3372319871542622
0.40000099996420224 0.9410643886670472 0.5626962909078222 0.5953632488195273 0.2614187051125203 1.4926644886898863 0.5994290833329391
0.40000099996420224 0.9947506788464986 0.5626962909078222 0.5977914524400512 0.2674029687050205 1.2125425837131587 0.49382722862911144
0.40000099996420224 1.0892933812684373 0.5626962909078222 0.6019037495103153 0.27705178644236844 0.2382666086436775 0.5204742007080658
0.40000099996420224 1.1740321906841333 0.5626962909078222 0.6054278731236694 0.28485771273485394 1.1359450097307366 0.6219913698976789
0.40000099996420224 1.4325785161290325 0.5626962909078222 0.6153752713673503 0.3047796662918734 0.688665290883159 0.5892514510327433
0.40000099996420224 1.6119698566308256 0.5626962909078222 0.6216791458387414 0.31594579725368643 1.3613860664172188 0.7452398059593475
0.40000099996420224 1.9355246393971979 0.5626962909078222 0.6320629116346874 0.33219279086327946 0.9182460943275517 0.6918101081812645
0.40000099996420224 3.2089913527090044 0.5626962909078222 0.6647126412509218 0.3697888556028069 1.6520083018823077 0.890137376213211
0.4999988397213163 0.19615873186728375 0.4501592026988073 0.42955285584514624 0.08122833019191002 0.19532887718001768 0.005621687858462672
0.4999988397213163 0.4078642064043219 0.4501592026988073 0.4447165953754133 0.13561867498894226 0.29163024731444986 0.03898776112256534
0.4999988397213163 0.7438219517363147 0.4501592026988073 0.4624723156291546 0.18841792041245614 0.6505166819678851 0.30987400349288885
0.4999988397213163 0.8121380638839902 0.4501592026988073 0.4655124906843152 0.1962193513377592 0.5332857098436796 0.2970272807230717
0.4999988397213163 0.9320647230675598 0.4501592026988073 0.4705160345256656 0.2083019665341685 0.7162001917836911 0.39104191361559676
0.4999988397213163 0.9712243125848365 0.4501592026988073 0.4720682611232505 0.21186409173328233 0.6982929430012857 0.36092921236183384
0.4999988397213163 1.0476435766567758 0.4501592026988073 0.47499444471921504 0.2183468523024395 0.39229580595237507 0.3774747904017004
0.4999988397213163 1.2515661575179 0.4501592026988073 0.4822239936383909 0.23311772389124238 0.5033719272133215 0.36598328249928114
0.4999988397213163 1.4053291473765417 0.4501592026988073 0.4872087240820048 0.24233267775456493 0.8577292071833802 0.48360704784870717
0.4999988397213163 1.588072771804065 0.4501592026988073 0.49270607537200023 0.25164994475865204 1.2975536311799698 0.5753368085439445
0.4999988397213163 2.050860614136731 0.4501592026988073 0.5050116964268123 0.2696404437555353 0.21485168441438696 0.5362310889737995
0.4999988397213163 3.30603804717711 0.4501592026988073 0.5309869287270201 0.29733385571286647 0.8981106702745697 0.6471341437337315
0.5999974100080298 0.2000136437064373 0.3751334177196936 0.3493395527957571 0.06871366501008665 0.2317981709063393 0.0018279679032018427
0.5999974100080298 0.4185257305850501 0.3751334177196936 0.36487385808127065 0.11483065514321715 0.12230986484881542 0.07179845920147292
0.5999974100080298 0.6718274060228443 0.3751334177196936 0.3777524412799479 0.14944579020176613 0.3342685493626772 0.24199417447461036
0.5999974100080298 0.7917551197168426 0.3751334177196936 0.38280227851007775 0.1616404902238258 0.0230573702285026 0.25617761099154446
0.5999974100080298 0.8845492317301672 0.3751334177196936 0.38638558435576215 0.169782210785078 0.681207450651475 0.3224438702719475
0.5999974100080298 0.978182596707819 0.3751334177196936 0.38976409026308584 0.17706643729725452 0.5208842873493317 0.22751781903865287
0.5999974100080298 1.058753966855464 0.3751334177196936 0.3925068115815428 0.18270165657485352 1.0125369837483675 0.3251880274570285
0.5999974100080298 1.2197674536747873 0.3751334177196936 0.39760199570135984 0.19252087198544585 0.2961367943890124 0.264323950562676
0.5999974100080298 1.3985933948717952 0.3751334177196936 0.40276100027440404 0.20163185616901547 0.8065077349275089 0.23950259426354703
0.5999974100080298 1.6641739547325116 0.3751334177196936 0.4096579978471642 0.21258301606394175 0.4706316169154581 0.3013430075825963
0.5999974100080298 2.1272746691480595 0.3751334177196936 0.4200631257050327 0.22669853186525382 1.0057232162145444 0.43064271472162047
0.5999974100080298 3.274592149999994 0.3751334177196936 0.44030245669462176 0.2473800557177239 0.5092998539165081 0.4152685418411871
0.6999998335881965 0.20165138122977294 0.32154161792513863 0.29537229945141824 0.059267448913919926 0.09610487091383631 0.00056537007766655
0.6999998335881965 0.4118201777777775 0.32154161792513863 0.3096503524743629 0.09745107419797701 0.2683785184007551 0.06342059673553282
0.6999998335881965 0.7029056474649402 0.32154161792513863 0.3229828549421825 0.13098028325750324 0.17858063081798997 0.15528292482642148
0.6999998335881965 0.7939288582073191 0.32154161792513863 0.3263703125167236 0.1387220453049658 0.27889738427959176 0.15295856489525905
0.6999998335881965 0.8260454769773072 0.32154161792513863 0.32750294486096193 0.14122830682809798 0.44193035646243634 0.1695139199058338
0.6999998335881965 0.9829360992448741 0.32154161792513863 0.3326443942828358 0.15206867781570638 0.40627159300709553 0.18703367994751188
0.6999998335881965 1.1139439491562568 0.32154161792513863 0.3365236031810325 0.15965710177286813 0.11656659122792763 0.19731213304492584
0.6999998335881965 1.153956668914361 0.32154161792513863 0.33764553047417856 0.1617570646187974 0.17070627015269083 0.18589098707564813
0.6999998335881965 1.4288696128055394 0.32154161792513863 0.34470609050700884 0.1740168396598761 0.4958547295563831 0.25534556750531134
0.6999998335881965 1.6025389341963348 0.32154161792513863 0.3486892286244014 0.18023063118127106 0.2808859047199422 0.22051279125257214
0.6999998335881965 2.0336791024811265 0.32154161792513863 0.3574074764208904 0.19220156043898678 0.5964935494739552 0.2551697596311963
0.6999998335881965 3.227747253505933 0.32154161792513863 0.3760953477795361 0.21151991933312952 0.9779010690586553 0.2701708437866946
