0.009999951129570446 0.606249019829 22.50801790157798 23.857243895294243 8.508349691349657 47.56706446426159 18.5993800852 103.260230658
0.009999951129570446 0.608870739229 22.50801790157798 23.861992407345454 8.527580432897455 9.636511670832883 20.424495229 3.85928837102
0.009999951129570446 0.695576049437 22.50801790157798 24.015354665951655 9.121873499895967 21.058382322822176 22.7118687124 16.573567558
0.009999951129570446 0.780811355133 22.50801790157798 24.159627928831785 9.63669385687734 14.141635382966767 23.5371836271 7.21213147399
0.009999951129570446 0.830635156283 22.50801790157798 24.241231635167292 9.910484238429703 12.343601009809129 24.0842238039 5.36994646307
0.009999951129570446 0.863084118978 22.50801790157798 24.293361129696716 10.079206908991027 27.170132493205642 25.0031309429 25.0615528336
0.009999951129570446 0.907686269982 22.50801790157798 24.363764611260414 10.29977144323217 16.03875820086946 25.7055108481 8.49442723818
0.009999951129570446 0.954836184039 22.50801790157798 24.436683252373342 10.519741593403525 18.43786595719386 26.5459310343 10.8703168831
0.009999951129570446 1.02702181943 22.50801790157798 24.545483927314542 10.83278329303705 12.54585653097497 27.3620541638 4.88282090168
0.009999951129570446 1.07162102172 22.50801790157798 24.611081185561396 11.013199090545575 35.75002320735334 28.3647974429 38.2465115228
0.009999951129570446 1.12630603396 22.50801790157798 24.68991067360092 11.22216509710514 38.43187678005292 28.8243925736 43.4952550814
0.009999951129570446 1.17908662535 22.50801790157798 24.764398508118944 11.412110848601483 28.811412731325085 29.4112413981 23.957120187
0.009999951129570446 1.2162560547 22.50801790157798 24.815954218059122 11.539485323530448 26.339587443197722 29.6985740518 19.8290176181
0.009999951129570446 1.24819336633 22.50801790157798 24.859679419185113 11.644980228699854 29.100555535069695 30.6668049182 23.4397453252
0.009999951129570446 1.30160102058 22.50801790157798 24.931656797669085 11.813746232539028 35.853188587799075 31.5862319409 34.54431701
0.009999951129570446 1.35958640185 22.50801790157798 25.00824854351528 11.98690453906266 34.99606938551058 31.9150419789 32.5733163699
0.009999951129570446 1.40711298495 22.50801790157798 25.069870200281045 12.121609304079918 24.109812285528154 31.6097896401 15.6093533552
0.009999951129570446 1.53751313829 22.50801790157798 25.233923669435715 12.461368433577967 47.27828717099595 34.316283462 55.2894260363
0.009999951129570446 1.69387616816 22.50801790157798 25.42172959444722 12.819281730745947 37.752837264473655 34.5777858203 34.9881412969
0.009999951129570446 1.98298733282 22.50801790157798 25.74665486799161 13.369793328149354 28.633819454985062 36.2648714231 19.1907205811
0.020000107487001168 0.515112904417 11.2538934696008 11.843010173371045 3.89336768073709 17.1184624405259 2.33889817384 106.349892038
0.020000107487001168 0.702686132747 11.2538934696008 12.013000918036472 4.583587188632367 21.89674984639372 10.1300182202 40.176115779
0.020000107487001168 0.704836980832 11.2538934696008 12.01485339762815 4.590406894202021 11.510559064328353 10.9599705151 10.2612982117
0.020000107487001168 0.749832980859 11.2538934696008 12.053151284973184 4.728327348641924 7.960272134484216 11.0096933933 4.88539254205
0.020000107487001168 0.79261523536 11.2538934696008 12.088785081143085 4.851574306579775 11.09733085232024 11.6035689977 9.00874592978
0.020000107487001168 0.85585029423 11.2538934696008 12.140139451562284 5.021056782650382 13.99637958418563 12.4289802291 13.3787268398
0.020000107487001168 0.89935848386 11.2538934696008 12.17461116429026 5.129718946612656 16.9187433125551 13.0351773397 18.6396656751
0.020000107487001168 0.972918208629 11.2538934696008 12.23139327098139 5.300317627363893 15.455595239917658 13.5031726986 15.0160086163
0.020000107487001168 0.993278801871 11.2538934696008 12.246792397546512 5.344865904431698 17.52663554727851 13.8723874486 18.7959707946
0.020000107487001168 1.04026316121 11.2538934696008 12.281826359167157 5.443610203087344 15.955825657023075 13.708855415 15.7636298365
0.020000107487001168 1.11505776182 11.2538934696008 12.336218854199938 5.590057801543553 20.14710536666401 14.650683733 23.5172362376
0.020000107487001168 1.16139756645 11.2538934696008 12.369112856836864 5.674778674338458 13.731526459975283 14.2960616071 11.1954121071
0.020000107487001168 1.21794762499 11.2538934696008 12.408463922995681 5.772522050485612 18.452754573502467 15.1240966423 19.1104901844
0.020000107487001168 1.28408915971 11.2538934696008 12.453440466454534 5.879653525347397 10.582005209298844 15.0316056223 6.32338214659
0.020000107487001168 1.31432479342 11.2538934696008 12.47364050173627 5.92624449704538 21.871461411975755 15.8532805123 25.6126975391
0.020000107487001168 1.39434943305 11.2538934696008 12.526065496697024 6.042959839407157 8.64857729530859 15.5696268369 4.07783827797
0.020000107487001168 1.42250483222 11.2538934696008 12.544165262917007 6.081897909355604 13.243980268530533 16.0664470375 9.26693385065
0.020000107487001168 1.53709086586 11.2538934696008 12.61608006645319 6.230102615075806 21.483568362763503 16.3804552537 23.9169462867
0.020000107487001168 1.69582649167 11.2538934696008 12.711408646004577 6.41165762941245 18.2186280181387 17.1578255905 16.420559393
0.020000107487001168 1.98491790782 11.2538934696008 12.873805165367138 6.686464357942822 21.602283712789998 18.4872762183 21.4262052392
0.030000080144555928 0.534786597854 7.502615924848496 7.906971122487676 2.650592811725623 9.066096764456992 1.20671756516 57.8167832633
0.030000080144555928 0.633818727427 7.502615924848496 7.967618251930231 2.902210913118919 17.8016051281006 3.65490241954 73.5972182904
0.030000080144555928 0.74760580888 7.502615924848496 8.03345734327616 3.1478132606910214 9.307944486511628 7.22963581591 10.172085635
0.030000080144555928 0.75690480056 7.502615924848496 8.038672172774797 3.166149134808 9.273003702675215 7.45141311554 9.79537538736
0.030000080144555928 0.800211227876 7.502615924848496 8.062649271803021 3.248478969184122 10.629830652413998 7.99050988757 12.0032004208
0.030000080144555928 0.841606868334 7.502615924848496 8.085109473445131 3.3227567047167463 3.1923621811785865 7.9523373984 1.08779830106
0.030000080144555928 0.900622686012 7.502615924848496 8.116394128474187 3.4218666550218946 8.079689219671762 8.33198708153 6.65058095158
0.030000080144555928 0.959400076128 7.502615924848496 8.14674002325196 3.5134256192734163 6.699719885574008 8.70341299328 4.37766534118
0.030000080144555928 1.00186383181 7.502615924848496 8.168186187932418 3.5755588604628388 5.081432684234801 8.95491749698 2.44753901813
0.030000080144555928 1.06012264294 7.502615924848496 8.196991980026988 3.6558312591616637 11.532278123670899 9.42497633038 11.9775724582
0.030000080144555928 1.1029580252 7.502615924848496 8.217736687061565 3.711480628846465 12.50291499341496 9.75992026502 13.5954988293
0.030000080144555928 1.1606188129 7.502615924848496 8.245107447270033 3.7822705000202825 11.985465948238568 9.70652479839 12.5621777991
0.030000080144555928 1.24018538191 7.502615924848496 8.28188884178407 3.8729241623756696 10.768091774072174 9.7483480604 10.0963716593
0.030000080144555928 1.25518214606 7.502615924848496 8.288698832354074 3.8891699012230267 13.007351855992617 10.3678859931 13.8518067257
0.030000080144555928 1.30821768176 7.502615924848496 8.312483292928514 3.9446432259801645 16.934549076824243 10.6208322398 22.9196290582
0.030000080144555928 1.35714059039 7.502615924848496 8.33402365931024 3.9932368821231807 13.693081955253422 10.4929286061 15.1678685624
0.030000080144555928 1.40004054694 7.502615924848496 8.352608914694065 4.033954922778354 8.613644284303156 10.7194044771 5.8751920391
0.030000080144555928 1.5105803521 7.502615924848496 8.39926041636086 4.131478620223649 9.977917625732173 11.0802153743 7.62694273949
0.030000080144555928 1.70694506366 7.502615924848496 8.478112241603192 4.282321280634698 7.620158271321844 11.4347078162 4.310441658
0.030000080144555928 2.01789183118 7.502615924848496 8.593884198681991 4.476044473608732 19.272725191885485 12.8906461849 24.4585343593
0.03999971131436509 0.514502223432 5.627017586960532 5.919762042231495 1.9454057566158143 10.43915914097825 1.06846372801 86.5745240668
0.03999971131436509 0.605772952506 5.627017586960532 5.96229727106525 2.126217243834366 13.683178945376769 2.40053265954 66.2041560679
0.03999971131436509 0.716315752189 5.627017586960532 6.011060906519229 2.3132511305791863 13.69626692827733 4.18841728457 38.0166057768
0.03999971131436509 0.835078248053 5.627017586960532 6.060504088482195 2.4835101659020933 12.66443468302134 5.81551880676 23.4100322487
0.03999971131436509 0.820530020322 5.627017586960532 6.0545981013961185 2.464115192294811 8.071737160633106 5.87610422534 9.41159851139
0.03999971131436509 0.848016831089 5.627017586960532 6.065722978642779 2.5004462240095435 6.498586087320557 5.84742874643 6.13044039221
0.03999971131436509 0.913601130711 5.627017586960532 6.091705789083107 2.5820275918359274 6.038922184894515 6.20570452043 4.98823187755
0.03999971131436509 0.954867221247 5.627017586960532 6.107667617604191 2.629976672942639 4.414913664813759 6.58732647042 2.51162098056
0.03999971131436509 1.01033334198 5.627017586960532 6.128677067818211 2.6907079453249327 3.798503652610611 6.59824664791 1.85616000444
0.03999971131436509 1.05442632616 5.627017586960532 6.145031237254617 2.736193738548638 9.393801394122137 7.10877569305 10.5367529295
0.03999971131436509 1.10336991298 5.627017586960532 6.162841158989753 2.7840295226289227 6.825268055130159 7.06823367948 5.59432103999
0.03999971131436509 1.16435050818 5.627017586960532 6.1845496781321545 2.8400517898820197 8.79933295314225 7.23260718068 9.08706183762
0.03999971131436509 1.20884286777 5.627017586960532 6.200067052752709 2.878627810563392 6.458353526077045 7.20984663308 4.9106215082
0.03999971131436509 1.23455641425 5.627017586960532 6.208916140600622 2.9000988617434937 5.8070271060671645 7.33568433332 3.90198801757
0.03999971131436509 1.31133151048 5.627017586960532 6.234841058120101 2.960885074525837 9.024943180691166 7.51834023133 9.19572207755
0.03999971131436509 1.35623796733 5.627017586960532 6.2496740981986365 2.994300821633384 5.36657150701746 7.64435862582 3.19794983846
0.03999971131436509 1.39936969377 5.627017586960532 6.263701442250668 3.025028316440124 10.376687159678617 7.93815373454 11.5137501629
0.03999971131436509 1.5054848796 5.627017586960532 6.297343316581331 3.095431636236837 8.063970036846687 8.08595542285 6.82629932435
0.03999971131436509 1.73035687849 5.627017586960532 6.364920671010665 3.2240244325022034 7.615277729418338 8.53535526697 5.76724963875
0.03999971131436509 2.04755001399 5.627017586960532 6.452878280458927 3.369185664820493 7.430420253968943 9.20044615317 5.09373945173
0.060000059058125325 0.505866084035 3.7513142915614495 3.9420116306959896 1.2845490745908175 2.5624210984122904 0.274486605244 20.3047995587
0.060000059058125325 0.613321767077 3.7513142915614495 3.975511101060401 1.426666464383202 6.084966075819412 0.903801829015 34.7745858466
0.060000059058125325 0.712512958004 3.7513142915614495 4.00473244966687 1.5381973337583263 6.025376578504985 2.12360646316 14.5115302358
0.060000059058125325 0.767946641268 3.7513142915614495 4.020425682876946 1.5938091282322095 8.748672152151924 2.85579785053 22.7497003856
0.060000059058125325 0.807392545132 3.7513142915614495 4.031335193714771 1.630834633028269 7.204918794150014 3.02120441614 14.5846808242
0.060000059058125325 0.878118011282 3.7513142915614495 4.050391850746876 1.692485870308169 7.279215105666654 3.79549708405 11.8500260209
0.060000059058125325 0.913498376177 3.7513142915614495 4.059694782724066 1.7212559301506036 3.6315046102989212 4.04387658706 2.76817897759
0.060000059058125325 0.968354768597 3.7513142915614495 4.073832117838691 1.7634013324090712 7.174267345422187 4.45768510546 9.80086903824
0.060000059058125325 1.00385432988 3.7513142915614495 4.082803014004251 1.7891999513223067 6.448611713674848 4.43090931227 7.96633295347
0.060000059058125325 1.05404671848 3.7513142915614495 4.095259283876433 1.82385976699938 5.848730511711002 4.49093345673 6.46554980871
0.060000059058125325 1.09737524309 3.7513142915614495 4.105806565253986 1.8521935997394443 5.566657121847483 4.35491375026 6.0398790931
0.060000059058125325 1.16601596948 3.7513142915614495 4.1221450602840735 1.8943374846761996 5.994134926481729 4.81790445818 6.33014568656
0.060000059058125325 1.19478880527 3.7513142915614495 4.128864488989337 1.9110788784224042 6.158714574150443 4.88976596973 6.58432016059
0.060000059058125325 1.26563588412 3.7513142915614495 4.14509999815593 1.950175842013832 4.492652840754964 4.89650541293 3.49895488052
0.060000059058125325 1.29507376354 3.7513142915614495 4.1517213229296654 1.9655906710664768 5.09828818745426 5.03500052356 4.38195689698
0.060000059058125325 1.35856254285 3.7513142915614495 4.165763651684513 1.997310447118672 5.134866829581765 5.10334839546 4.38552924558
0.060000059058125325 1.4066948583 3.7513142915614495 4.176201134620449 2.0200633282181544 6.571146001078767 5.22226107835 7.01847105321
0.060000059058125325 1.51604636523 3.7513142915614495 4.199284716960059 2.068025844140479 5.9393495751463155 5.45651173746 5.48758854474
0.060000059058125325 1.65765168377 3.7513142915614495 4.227974506819236 2.1234292130413217 7.025504253569632 5.69652223391 7.35468480014
0.060000059058125325 2.02183126754 3.7513142915614495 4.296373912945199 2.2391094415401565 6.200359133054008 6.05988956856 5.38502643917
0.0800004233620684 0.504293477322 2.813473599015928 2.954328525975846 0.9617025109811118 1.942005172019471 0.13581177766 23.5712269934
0.0800004233620684 0.608589857336 2.813473599015928 2.9788611476886726 1.0656796398264263 3.0113511837020677 0.599819735691 12.8327850603
0.0800004233620684 0.719641756372 2.813473599015928 3.0034796954896645 1.1591936813431267 4.025970485443577 1.29608455098 10.6151637764
0.0800004233620684 0.758000426177 2.813473599015928 3.0116597741065436 1.1881070395453368 5.113356245105416 1.73133770078 12.8188532332
0.0800004233620684 0.803417829092 2.813473599015928 3.021146541548526 1.2203901118940292 5.60465948693315 2.1366172458 12.4793106007
0.0800004233620684 0.876387071015 2.813473599015928 3.035963430421677 1.2682778957679224 7.258455883321568 2.7409020439 16.3160049326
0.0800004233620684 0.921114749507 2.813473599015928 3.044801833758403 1.2954556048387296 5.256268732196823 2.79492769499 8.3908006697
0.0800004233620684 0.970052388166 2.813473599015928 3.0542720604047426 1.3234896914072651 1.561646181096616 3.17775502117 0.651423966983
0.0800004233620684 0.991554171729 2.813473599015928 3.058369473856546 1.3352838301434087 3.9927824664593285 3.28465247396 4.11984362838
0.0800004233620684 1.05917691998 2.813473599015928 3.071014406208229 1.3704607062049787 4.372314411577413 3.42909513174 4.73218914064
0.0800004233620684 1.11235209057 2.813473599015928 3.0807121595749063 1.3962438092899858 3.593705471961203 3.56483078752 3.07514006405
0.0800004233620684 1.15305418841 2.813473599015928 3.08799639545545 1.4149609604431734 4.577895558550315 3.51276396919 5.06409274349
0.0800004233620684 1.20539567391 2.813473599015928 3.097194630421075 1.4378342810943534 3.5476619647152408 3.56308111479 2.99831746093
0.0800004233620684 1.25918923494 2.813473599015928 3.1064584264026394 1.4600466282430713 4.135219516368162 3.71589897162 3.9061786272
0.0800004233620684 1.30821656868 2.813473599015928 3.114741454690173 1.4792369084878054 4.6426820937197055 3.76035829701 4.86550053822
0.0800004233620684 1.34881732546 2.813473599015928 3.1214900001896604 1.4944221465767482 5.1652255135650815 4.00091647711 5.66028044735
0.0800004233620684 1.41851799862 2.813473599015928 3.132851436940124 1.5191121613741903 2.075789458313143 3.90311441212 0.937074633685
0.0800004233620684 1.51365318126 2.813473599015928 3.1479264275507193 1.5502640713263007 3.8470624492536873 4.10246963197 3.06218875375
0.0800004233620684 1.71482311934 2.813473599015928 3.178307025241993 1.607941036931008 2.7971234330393386 4.16835552612 1.59322594159
0.0800004233620684 2.01095361241 2.813473599015928 3.2198169505665835 1.6770753530735831 4.544372865623928 4.50837977174 3.88817929333
0.10000016608615116 0.507076472681 2.2507870521471793 2.36217729905137 0.7717763571714771 2.3329140692202426 0.188551540646 24.5011381285
0.10000016608615116 0.604180869219 2.2507870521471793 2.38055747256818 0.8493067872144422 3.050395915240559 0.369354495298 21.3839481121
0.10000016608615116 0.714156006058 2.2507870521471793 2.4002111671522597 0.9239452983474249 2.3336711221064714 1.06141697178 4.35524044023
0.10000016608615116 0.75705599193 2.2507870521471793 2.4075769321802207 0.9499345431577848 2.6759953442845217 1.33774254616 4.54377718767
0.10000016608615116 0.810500228575 2.2507870521471793 2.416535743729564 0.9801998953816836 2.7901364822494976 1.63117611148 4.05106211662
0.10000016608615116 0.864147429073 2.2507870521471793 2.425299595392207 1.0084548661552553 4.011027714274667 1.80886653848 7.54959509891
0.10000016608615116 0.931159687214 2.2507870521471793 2.4359445831468256 1.041083736448884 4.650320872326011 2.24738449322 8.16784185064
0.10000016608615116 0.983675588059 2.2507870521471793 2.4440662587076605 1.0648022264882937 3.0034133697120713 2.3721393283 3.22781685544
0.10000016608615116 1.03191902691 2.2507870521471793 2.451366009791659 1.0852985795441727 2.4421722434668194 2.67581928195 1.89197181583
0.10000016608615116 1.06062220176 2.2507870521471793 2.455638985219992 1.096949958231589 1.8662306049876494 2.61757012489 1.12940875214
0.10000016608615116 1.11057253219 2.2507870521471793 2.4629552891045963 1.11632877806172 2.6864516484592014 2.90556800872 2.10836535532
0.10000016608615116 1.15835434505 2.2507870521471793 2.4698173006557687 1.1338735888069642 3.5714682673743936 2.92221428563 3.70510390354
0.10000016608615116 1.20655772466 2.2507870521471793 2.4766104424120474 1.1506662541255321 3.1362232491089546 2.89474083998 2.88418498211
0.10000016608615116 1.24933087781 2.2507870521471793 2.4825339550239605 1.1648596505128186 3.9335068168317617 2.9755958887 4.41371944304
0.10000016608615116 1.30674968916 2.2507870521471793 2.4903380043561483 1.1829455596032707 2.5547364844429334 3.04482730591 1.8194847268
0.10000016608615116 1.34590383735 2.2507870521471793 2.495566363704744 1.1946866321249983 3.2595854528159127 3.0488361178 2.95807731415
0.10000016608615116 1.39571761603 2.2507870521471793 2.5021132373910677 1.208979803812348 2.9000634708619812 3.09257491185 2.30841366834
0.10000016608615116 1.50894323286 2.2507870521471793 2.5165805093843447 1.2390332234827166 4.37283549588852 3.28729469005 4.93749308875
0.10000016608615116 1.69370537571 2.2507870521471793 2.5390606658390156 1.2818832721454856 2.4273197090254874 3.31540627043 1.50846788835
0.10000016608615116 2.00618695895 2.2507870521471793 2.574332060483905 1.3408719423197248 4.312068989470691 3.6089328364 4.37332206171
0.15000047662627447 0.501563293248 1.50052242567242 1.569823838284498 0.5113244549267688 0.282640935337203 0.0630860597279 1.07486910481
0.15000047662627447 0.605513425279 1.50052242567242 1.583208468920298 0.5668580782117955 1.8297633134563394 0.21771999751 13.0530009759
0.15000047662627447 0.715917293378 1.50052242567242 1.596582257439315 0.6166950998153651 1.9540814864214224 0.566593654189 5.72048029114
0.15000047662627447 0.763623445 1.50052242567242 1.602121929619854 0.6358494151714285 0.7969220705787764 0.692775019989 0.778141090731
0.15000047662627447 0.816082828972 1.50052242567242 1.608060759041251 0.6554893103140107 2.1740348999623733 0.923517476979 4.34416951989
0.15000047662627447 0.859169369968 1.50052242567242 1.612825332698384 0.6706100792538693 2.408182371057226 1.06308000594 4.63054015982
0.15000047662627447 0.910173880656 1.50052242567242 1.6183406792144899 0.6874415023978138 2.607156774690838 1.26436811827 4.56330626733
0.15000047662627447 0.963081969036 1.50052242567242 1.6239263792684353 0.7037878814218612 2.9024558352105347 1.42733803416 5.00983313895
0.15000047662627447 1.02605548828 1.50052242567242 1.6304052013445354 0.7219121111868058 3.3622210392715477 1.63644467318 5.86367722255
0.15000047662627447 1.07320349873 1.50052242567242 1.6351418169573753 0.7346227901899014 0.9741905569718959 1.61093662387 0.500067045688
0.15000047662627447 1.11172349111 1.50052242567242 1.6389426545212322 0.7445071877490015 2.938420467929099 1.84510634616 3.97214723403
0.15000047662627447 1.16632874578 1.50052242567242 1.6442290572799123 0.7578072573055736 3.2052953417644545 1.99685514787 4.36725350563
0.15000047662627447 1.20706012386 1.50052242567242 1.6480979312819646 0.7672233203821145 2.254462867774267 1.91008695522 2.25866537496
0.15000047662627447 1.24872469728 1.50052242567242 1.651992401411603 0.7764407758466537 1.778789288729684 1.96573411846 1.36629064646
0.15000047662627447 1.30620440651 1.50052242567242 1.6572647795669038 0.7885179751119897 2.638418641077044 2.04266012253 2.89274507231
0.15000047662627447 1.35025623931 1.50052242567242 1.6612299334811658 0.7973078739809357 1.5307641943401757 1.96951452173 1.0098950946
0.15000047662627447 1.38957191462 1.50052242567242 1.6647156095174271 0.80483468197416 2.385397142051292 2.12917222816 2.26845127826
0.15000047662627447 1.50083858775 1.50052242567242 1.6743227665439089 0.824656310819503 2.062341211097709 2.08777074657 1.7292472432
0.15000047662627447 1.71767964432 1.50052242567242 1.6920517801467558 0.857969784584307 2.445147211261199 2.26101936709 2.24452578807
0.15000047662627447 2.0119785723 1.50052242567242 1.7143077931910315 0.8945555416478533 2.2838474805954383 2.35182196951 1.88255906816
0.19999836796706263 0.506457779825 1.1254045786830837 1.173462847109731 0.38562440175072626 0.2823071954508916 0.0599890554188 1.12769260145
0.19999836796706263 0.609987761708 1.1254045786830837 1.183699522222054 0.42678889597455555 0.8107233783086852 0.112147347981 4.97479563858
0.19999836796706263 0.710339987727 1.1254045786830837 1.1930435595282844 0.46078206879782513 0.6532798603940312 0.311183515541 1.1641282174
0.19999836796706263 0.756432348438 1.1254045786830837 1.197164961228586 0.4747886415582897 1.6163461315669518 0.496610370532 4.46551766135
0.19999836796706263 0.809679974009 1.1254045786830837 1.20180355270844 0.48988078328556844 2.0657894941796973 0.598801258978 6.04934402815
0.19999836796706263 0.859204651283 1.1254045786830837 1.2060067538107162 0.5029722857303773 1.8718606127023514 0.704526386528 4.22151764013
0.19999836796706263 0.912528720596 1.1254045786830837 1.210419817014018 0.5161501064465194 1.6373123464299324 0.856996906833 2.65523325432
0.19999836796706263 0.966649560418 1.1254045786830837 1.2147862963252858 0.5286449974022855 2.145260450539773 0.968510021029 4.03343250132
0.19999836796706263 1.01701136157 1.1254045786830837 1.2187533681330742 0.5395505083855009 0.8604658512317724 1.08422019941 0.579653742709
0.19999836796706263 1.07297553507 1.1254045786830837 1.2230590163464394 0.550928489328833 2.194073768986501 1.24601308826 3.27943257277
0.19999836796706263 1.12176826166 1.1254045786830837 1.2267292295215004 0.5602673973199084 1.2407377952948102 1.2855317528 1.01647353341
0.19999836796706263 1.17600410406 1.1254045786830837 1.2307220696378998 0.5700677022086148 1.2055621209403566 1.36701740032 0.902451777638
0.19999836796706263 1.2134977472 1.1254045786830837 1.2334312834914058 0.5765121862562406 1.4417359752895162 1.43187035219 1.23221540397
0.19999836796706263 1.27331924986 1.1254045786830837 1.2376714233645034 0.5862786422847954 1.7846915456128034 1.50650034563 1.79463426948
0.19999836796706263 1.29861912212 1.1254045786830837 1.2394352992810864 0.5902301981320831 2.739402398421912 1.55348829577 4.10036518452
0.19999836796706263 1.35622846955 1.1254045786830837 1.243389313981041 0.5988593469458474 1.9728506754924597 1.57029158389 2.10390916876
0.19999836796706263 1.4049160602 1.1254045786830837 1.2466658655391973 0.6057779229955084 1.688740278537944 1.56403463764 1.54774074817
0.19999836796706263 1.50967473808 1.1254045786830837 1.2535252579985552 0.6196146951559918 1.8312661128676604 1.57337226315 1.80921544982
0.19999836796706263 1.70901598329 1.1254045786830837 1.2659233858791832 0.642573845029771 2.5600490574387638 1.71919467332 3.23586487625
0.19999836796706263 2.02523603703 1.1254045786830837 1.2840807556412532 0.6720191265109577 1.8738026093620872 1.74195253685 1.71092203958
0.24999764861435653 0.50293999566 0.9003247842001942 0.9339971366200581 0.3072785281855262 0.45277492531937297 0.0555570839749 3.13216153587
0.24999764861435653 0.605620366699 0.9003247842001942 0.9424200146253402 0.3401506024560106 0.6793981589046427 0.106790444242 3.66889428056
0.24999764861435653 0.706832859772 0.9003247842001942 0.9502156636656605 0.3677427257602447 0.6172270841017978 0.250915603822 1.28878697795
0.24999764861435653 0.76180693967 0.9003247842001942 0.9542634181995417 0.38109089946107144 0.7225067046891017 0.319570255131 1.38655235686
0.24999764861435653 0.808910233649 0.9003247842001942 0.9576362544574614 0.3917367858024487 1.2599340734605717 0.450929727558 2.98817229343
0.24999764861435653 0.856723865327 0.9003247842001942 0.9609754363333831 0.40186990721813004 0.5860855361409797 0.499723534377 0.58345996817
0.24999764861435653 0.91472461741 0.9003247842001942 0.9649186343923152 0.4133394906989273 1.1903842092780308 0.653015845462 1.84191444771
0.24999764861435653 0.961231250915 0.9003247842001942 0.9680002566299506 0.42194572190880586 1.0670841671203362 0.747267968007 1.29342081381
0.24999764861435653 1.02019031328 0.9003247842001942 0.9718106076492887 0.43217417017068915 0.5445750001147655 0.80711041015 0.311889900023
0.24999764861435653 1.05123775501 0.9003247842001942 0.9737759062986786 0.4372781996647776 1.7702605639704658 0.895770744546 2.96958919611
0.24999764861435653 1.11834655474 0.9003247842001942 0.9779320067806563 0.44770386191140266 1.7924334343448005 1.02370805949 2.66396680935
0.24999764861435653 1.16342485163 0.9003247842001942 0.9806565846315423 0.4542776828248232 2.038307918860654 1.15062776799 3.06495139988
0.24999764861435653 1.21259424631 0.9003247842001942 0.9835701246833771 0.461088505719436 1.6995137979000658 1.1516079817 2.12894078992
0.24999764861435653 1.22475609675 0.9003247842001942 0.9842817118955939 0.46271850938418496 1.7041092163974225 1.17941668622 2.09000075158
0.24999764861435653 1.30336608049 0.9003247842001942 0.9887981973383981 0.47276883804869074 1.4749438118171279 1.16558096138 1.58426331835
0.24999764861435653 1.33740454661 0.9003247842001942 0.9907109573677002 0.4768760583761395 1.5983398070068093 1.21266154734 1.7882057398
0.24999764861435653 1.41619433274 0.9003247842001942 0.9950445908780962 0.48586815776233383 1.8457243309735258 1.27528219285 2.26749448053
0.24999764861435653 1.5039286314 0.9003247842001942 0.9997245935199667 0.49511290150521636 1.7416150238165802 1.27126577119 2.02528819207
0.24999764861435653 1.68853202517 0.9003247842001942 1.0091169650194438 0.5123156518310585 2.06756594449766 1.35957097106 2.66892098693
0.24999764861435653 2.01764038954 0.9003247842001942 1.024547440554472 0.5371152012562312 2.0850961282677436 1.45051627055 2.5441834232
0.2999998872727382 0.502383609346 0.7502638787148973 0.773794486011815 0.255901586901963 0.35990775081191895 0.0519127800468 2.11800495444
0.2999998872727382 0.606817015562 0.7502638787148973 0.7812324218470068 0.28374947832345565 0.1692437766118391 0.116049637859 0.209507939593
0.2999998872727382 0.70924122979 0.7502638787148973 0.7880517871062609 0.30695542768515416 0.7266072442033975 0.194916676533 2.29916060102
0.2999998872727382 0.763641175552 0.7502638787148973 0.7915057393348074 0.3179292779671038 0.6325033247726867 0.244615516642 1.38822698757
0.2999998872727382 0.804781728051 0.7502638787148973 0.7940472982270071 0.32568951543996516 0.7051119018373472 0.331965868487 1.27128088461
0.2999998872727382 0.863644049846 0.7502638787148973 0.797584998384129 0.3360670020229071 0.7993231360465978 0.438802023184 1.23593321977
0.2999998872727382 0.915665242356 0.7502638787148973 0.8006208883635215 0.3445956962629679 1.136422351809102 0.476920229444 2.29854308896
0.2999998872727382 0.962785458803 0.7502638787148973 0.8033019500269655 0.3518508652516215 0.3437281692769995 0.606287741392 0.165413260522
0.2999998872727382 1.01220261586 0.7502638787148973 0.8060474293448187 0.3590221788735479 1.0905654278570223 0.66308807558 1.52247823748
0.2999998872727382 1.0658805586 0.7502638787148973 0.8089570180383688 0.3663482873571229 1.146798623136084 0.732349256862 1.52431576081
0.2999998872727382 1.11589764394 0.7502638787148973 0.8116038526881568 0.3727776443218648 1.3467451893146762 0.837229633723 1.83884504384
0.2999998872727382 1.17726730725 0.7502638787148973 0.8147715113693479 0.38018976726829923 1.5136158349768596 0.904956960855 2.1489299547
0.2999998872727382 1.2136490025 0.7502638787148973 0.8166098702872477 0.3843554505506294 0.9107274672100378 0.897517728426 0.784427288875
0.2999998872727382 1.25499728365 0.7502638787148973 0.8186651038791769 0.38889830371312306 1.5446327525401702 0.986126042965 2.05369955984
0.2999998872727382 1.2972164328 0.7502638787148973 0.8207276428440128 0.39333945786600066 1.3787662598266106 0.990970463605 1.62831882402
0.2999998872727382 1.36801358046 0.7502638787148973 0.8241086041715378 0.40037315082346053 0.7040069622066708 0.947945710059 0.443802048201
0.2999998872727382 1.39586592199 0.7502638787148973 0.8254131672850531 0.4030079296868083 1.510788582081686 1.00506340036 1.92767044642
0.2999998872727382 1.52292613672 0.7502638787148973 0.8311933954019698 0.4141772013896632 1.5257827807088207 1.05234957125 1.87777801395
0.2999998872727382 1.70158482495 0.7502638787148973 0.8388886919938591 0.42785488052618326 1.1663357669387608 1.0887329264 1.06058306949
0.2999998872727382 2.02238124329 0.7502638787148973 0.851629031543178 0.44785269791509974 0.9330417682556965 1.11720271512 0.661437857852
0.3500003546875099 0.504103923352 0.6430824312742008 0.6589367873414007 0.2197716082465709 0.20182786144848763 0.0505160124363 0.684466244416
0.3500003546875099 0.608036264025 0.6430824312742008 0.6655873922398667 0.24346907778176674 0.5328782434863955 0.0918477403858 2.62425698233
0.3500003546875099 0.71058845385 0.6430824312742008 0.6716964588326431 0.26334620477774323 0.502979378918337 0.185815332338 1.15568020268
0.3500003546875099 0.758039972774 0.6430824312742008 0.6743901355904672 0.2715751150894191 0.4601107484379737 0.243401026481 0.738280183742
0.3500003546875099 0.811427292955 0.6430824312742008 0.6773298185407847 0.2802017751617419 0.881809614248784 0.305456945971 2.16081961456
0.3500003546875099 0.859528380368 0.6430824312742008 0.6799014918141877 0.28745740079682824 0.8497237208930588 0.350193003325 1.75011617671
0.3500003546875099 0.912519661175 0.6430824312742008 0.682655838481778 0.2949389761688088 0.7953194428876472 0.442952319416 1.21211849721
0.3500003546875099 0.966196789581 0.6430824312742008 0.6853670582628698 0.3020223160848274 1.2209374652687495 0.515560890914 2.45428919373
0.3500003546875099 1.01163411788 0.6430824312742008 0.687603914523485 0.30766421335339267 1.2500498238968598 0.547727874607 2.42163487678
0.3500003546875099 1.05931905396 0.6430824312742008 0.6898973297551785 0.3132657381516216 1.025742581198148 0.628284200378 1.42147586465
0.3500003546875099 1.12486901737 0.6430824312742008 0.6929649032180103 0.32047916856036224 0.9379290549161026 0.678051451278 1.10127603547
0.3500003546875099 1.17051657693 0.6430824312742008 0.6950462643108144 0.325198404378541 1.263166280116729 0.757235686609 1.78858191101
0.3500003546875099 1.21560644945 0.6430824312742008 0.6970604246525539 0.3296352666377416 1.544432184132985 0.84945850564 2.38349572178
0.3500003546875099 1.2602095549 0.6430824312742008 0.6990138791093446 0.33381993161666546 1.375517543413595 0.807180469851 1.98966738858
0.3500003546875099 1.31119343854 0.6430824312742008 0.7012015358639866 0.33837207130443087 1.1441472242441173 0.835285513813 1.33029430728
0.3500003546875099 1.35384193742 0.6430824312742008 0.7029961049401473 0.3420035167903498 1.129737770677583 0.850219930125 1.2742154778
0.3500003546875099 1.40808039262 0.6430824312742008 0.7052338987224217 0.3464061601231998 0.9923437693752174 0.844041989475 0.990328098813
0.3500003546875099 1.51500782127 0.6430824312742008 0.7095086424754793 0.3544444944731133 1.214294200648419 0.879377630205 1.42328308356
0.3500003546875099 1.70949155819 0.6430824312742008 0.7168638284174306 0.3672103532395881 1.1432645285354557 0.902208660041 1.22971742296
0.3500003546875099 2.01044012945 0.6430824312742008 0.7273369694400925 0.3833087744756802 1.3749439044571383 0.956861529366 1.67702572837
0.3999998273507041 0.504113494158 0.5626979404716994 0.572276956021475 0.19230251403318305 0.31554007224805536 0.0458921115324 1.84157690745
0.3999998273507041 0.602223474279 0.5626979404716994 0.5780893154465225 0.2119657297985982 0.2871738902988921 0.0897894368808 0.779620974782
0.3999998273507041 0.710784789069 0.5626979404716994 0.5840441479371559 0.23045907616480504 0.6293857851649769 0.172592485539 1.94818787687
0.3999998273507041 0.758173941071 0.5626979404716994 0.5865078372925387 0.23764821855902019 0.46916392563123316 0.198954586203 0.939104945938
0.3999998273507041 0.809969452449 0.5626979404716994 0.5891161327027714 0.24497803482860198 0.22141362913787774 0.231206577856 0.179981295998
0.3999998273507041 0.855352537851 0.5626979404716994 0.5913340273993244 0.25099034162239375 0.19103083473056384 0.281741462622 0.109944888076
0.3999998273507041 0.913305344331 0.5626979404716994 0.5940810898349562 0.2581657344337705 0.48359750372282745 0.347679403517 0.570963040558
0.3999998273507041 0.962812168861 0.5626979404716994 0.5963572704152259 0.2638911588769408 0.39762438405615835 0.406455544278 0.330180808297
0.3999998273507041 1.0174551073 0.5626979404716994 0.5987993165766256 0.2698197645521097 0.7005686314442241 0.474513989589 0.877952892125
0.3999998273507041 1.06238392318 0.5626979404716994 0.6007553440589305 0.2744136960617076 1.0844006467886445 0.525920859212 1.89792042326
0.3999998273507041 1.12016993434 0.5626979404716994 0.603206533537195 0.279982615195762 0.9837272129149451 0.609706664531 1.34724719584
0.3999998273507041 1.16394146694 0.5626979404716994 0.6050175685338305 0.2839669172955588 1.147208003251122 0.64500151432 1.73197836014
0.3999998273507041 1.20468351134 0.5626979404716994 0.6066697326208699 0.2875079757980084 0.7055369059568805 0.658373529345 0.641779692389
0.3999998273507041 1.27703635315 0.5626979404716994 0.6095285243236459 0.2934305615297256 1.0311130710451464 0.679346675896 1.32843402149
0.3999998273507041 1.31809638988 0.5626979404716994 0.6111103320991452 0.29659955607189625 0.8518765851068588 0.670111458369 0.919232092273
0.3999998273507041 1.35371811206 0.5626979404716994 0.6124600395450047 0.2992444782077339 1.2000175292897164 0.707417263217 1.72789912989
0.3999998273507041 1.40102699095 0.5626979404716994 0.6142214373063377 0.3026162883096605 0.979535653430321 0.701321673111 1.16129376888
0.3999998273507041 1.50115569827 0.5626979404716994 0.6178389540549554 0.3092673267200056 1.0678841865414392 0.703389851056 1.37616678858
0.3999998273507041 1.75104062216 0.5626979404716994 0.6262861629630965 0.3234629144275352 0.7283966981188276 0.748965404046 0.601302540953
0.3999998273507041 1.97196561746 0.5626979404716994 0.6331657393505424 0.33377396691267264 0.9667009360584669 0.777976708342 1.01961576756
0.4500005456749944 0.50690634933 0.5001751246804848 0.5047713481490981 0.1714732475399747 0.1878467975800148 0.0470158981501 0.637062019308
0.4500005456749944 0.605364415115 0.5001751246804848 0.5102589876291315 0.18892869392280268 0.25179614434011544 0.101761330644 0.528852100484
0.4500005456749944 0.710596918303 0.5001751246804848 0.515663146333908 0.20482596614708518 0.07196155487859718 0.144869544486 0.0303419048586
0.4500005456749944 0.759462384505 0.5001751246804848 0.5180340821707462 0.21141032743689325 0.39627521313845826 0.184300822574 0.723244937618
0.4500005456749944 0.812563402363 0.5001751246804848 0.5205220102655721 0.21807219187172477 0.37699891482628106 0.223853176068 0.538934268264
0.4500005456749944 0.859567086121 0.5001751246804848 0.5226531881156338 0.22358233162088864 0.1972838639844135 0.268516903851 0.123035477608
0.4500005456749944 0.91479259323 0.5001751246804848 0.5250783161325132 0.22963780568431427 0.39915946807493863 0.316589007719 0.427184905265
0.4500005456749944 0.960043976455 0.5001751246804848 0.5270063358217406 0.2342931417786335 0.5088822908331766 0.356756895752 0.616142488803
0.4500005456749944 1.01176917744 0.5001751246804848 0.5291494178436836 0.23930702981079055 0.6859504988171666 0.41677423708 0.958304542774
0.4500005456749944 1.05402666615 0.5001751246804848 0.5308550193697464 0.24317945432419538 0.7057128177148178 0.473482808446 0.892833867131
0.4500005456749944 1.12341930084 0.5001751246804848 0.5335735992496512 0.24914188731252918 0.955521151111796 0.539365269614 1.43686673698
0.4500005456749944 1.16332355444 0.5001751246804848 0.5350934221047041 0.25236580565268196 0.8822757058928021 0.552701378899 1.19546524055
0.4500005456749944 1.20340665945 0.5001751246804848 0.5365899336646425 0.2554656611548876 0.855201182745984 0.562930863731 1.1028092113
0.4500005456749944 1.25963408474 0.5001751246804848 0.5386409087799721 0.2595966399487609 0.9646240933682011 0.592588645719 1.33285143467
0.4500005456749944 1.31344979403 0.5001751246804848 0.5405539730518585 0.2633307037887195 0.8534754206127458 0.593284775179 1.04216790069
0.4500005456749944 1.35684589309 0.5001751246804848 0.5420629792995116 0.2661971351820572 0.7329850973924499 0.568524108218 0.802158636603
0.4500005456749944 1.43214210082 0.5001751246804848 0.5446140892279268 0.2708893925794253 1.02670875990254 0.620800389531 1.4413233211
0.4500005456749944 1.5180941066 0.5001751246804848 0.5474289597350647 0.27585036433768895 0.9640097835182257 0.632459506874 1.2472370904
0.4500005456749944 1.69274520965 0.5001751246804848 0.5528613107979523 0.28481744714392676 0.8911521732999751 0.633648342736 1.0638350562
0.4500005456749944 1.98903086332 0.5001751246804848 0.5613266527917509 0.29733201191857944 1.2146751495631307 0.688574026646 1.81881495226
0.5 0.505606796201 0.45015815807855303 0.45047277071308983 0.1541011083657172 0.29422613436079653 0.0427070269707 1.7206082943
0.5 0.602980583746 0.45015815807855303 0.4556769164427904 0.1696844498249866 0.3217619128268589 0.0862735038548 1.01861646809
0.5 0.702991875665 0.45015815807855303 0.46057942104590843 0.1833833021718981 0.33835065155109273 0.144127759025 0.674225633147
0.5 0.757874014257 0.45015815807855303 0.4631088895342703 0.19008329586531109 0.27179875703383977 0.180749272157 0.346926308569
0.5 0.802457553785 0.45015815807855303 0.46508952940496856 0.1951575440384544 0.1378838990869625 0.201356692538 0.0801456402162
0.5 0.856900338675 0.45015815807855303 0.4674255837576676 0.20095117447394945 0.47343236171108105 0.256989868061 0.740318735258
0.5 0.908664760475 0.45015815807855303 0.46956910806338703 0.20608839732369402 0.7648816976667272 0.317528473763 1.56395668905
0.5 0.955540251372 0.45015815807855303 0.4714498953697542 0.21045755961562 0.7575013138934877 0.337233950285 1.44428982184
0.5 1.01027438307 0.45015815807855303 0.4735787675958884 0.2152500883113254 0.3385037463914928 0.365750757524 0.265925867398
0.5 1.05071365468 0.45015815807855303 0.47510815017661245 0.2185947298609156 0.7497861653596243 0.434652242978 1.09787217961
0.5 1.10600033438 0.45015815807855303 0.4771431968350184 0.22292043986056548 0.550437498747098 0.454239313583 0.566174318585
0.5 1.15631233556 0.45015815807855303 0.47894252273716903 0.2266288973035394 0.9858535953660068 0.496527979009 1.66149861321
0.5 1.19930821763 0.45015815807855303 0.4804428888280804 0.22963961431870233 0.7275670790946337 0.478838751399 0.938373316477
0.5 1.26670564541 0.45015815807855303 0.4827299191311763 0.2340895380502132 0.5967153454725093 0.501783875334 0.602332880579
0.5 1.30146297928 0.45015815807855303 0.4838801228037525 0.23626528203700736 0.2675975607892347 0.468134857383 0.129841098308
0.5 1.3572570073 0.45015815807855303 0.4856872975489866 0.23960162291649226 0.3367947711105872 0.490767435842 0.196188615358
0.5 1.38628038376 0.45015815807855303 0.4866090948027477 0.24126544387496887 0.8369659150757119 0.520947269273 1.14140727862
0.5 1.51451261806 0.45015815807855303 0.49054289478774 0.2480866100689899 0.5550767655265518 0.50520635366 0.517673762192
0.5 1.6944802677 0.45015815807855303 0.49572175569826754 0.25641019855003966 0.9399364896272558 0.544958662195 1.37610736463
0.5 1.98652593634 0.45015815807855303 0.5034167164469394 0.26751445573318366 1.1301225534198123 0.572208228757 1.89459263505
0.5500009472728489 0.499867850625 0.4092339843327897 0.4059161292118756 0.1391829290642283 0.21951490577283853 0.0475975935213 0.859333801467
0.5500009472728489 0.604095389169 0.4092339843327897 0.41131150827559204 0.15440794479583714 0.4100581218934148 0.0800739841241 1.78245370328
0.5500009472728489 0.704717887625 0.4092339843327897 0.416036888213506 0.16691078571270718 0.26567944507132685 0.143357162962 0.417941380414
0.5500009472728489 0.759407365567 0.4092339843327897 0.41844040755617645 0.17296613993337753 0.14252972278967793 0.175315155203 0.0983581337891
0.5500009472728489 0.814963346396 0.4092339843327897 0.42077861721759546 0.178659728514581 0.43699517642720914 0.204861258981 0.791247423193
0.5500009472728489 0.865526080381 0.4092339843327897 0.4228245239681083 0.18348269762855546 0.38606818015190697 0.236758941933 0.534368052834
0.5500009472728489 0.91255423938 0.4092339843327897 0.42466306651601554 0.187691308687705 0.40850942140019475 0.28326966807 0.500060948203
0.5500009472728489 0.965682849069 0.4092339843327897 0.42667138147245925 0.19215413014779784 0.46037357818653335 0.312387783096 0.575898038958
0.5500009472728489 1.01186499158 0.4092339843327897 0.42836222174681154 0.19580392527181248 0.7494156310197173 0.373552764831 1.27618136533
0.5500009472728489 1.05640107385 0.4092339843327897 0.4299477862462369 0.1991383216324118 0.4079463276215049 0.381497539498 0.370282488813
0.5500009472728489 1.097938977 0.4092339843327897 0.43138922141858693 0.2020965497113912 0.5963570549449329 0.373380095375 0.808500736727
0.5500009472728489 1.16410978696 0.4092339843327897 0.4336159434544386 0.2065318248863423 0.45769608187331573 0.401666899916 0.442697637658
0.5500009472728489 1.21191139343 0.4092339843327897 0.43517489972441614 0.2095414682050161 0.440107667832054 0.40571201983 0.405246110665
0.5500009472728489 1.27941734397 0.4092339843327897 0.43731080781316883 0.2135398874361033 0.7598691410498791 0.436452008128 1.12294886138
0.5500009472728489 1.30641478686 0.4092339843327897 0.4381447026448713 0.2150623728245588 0.6755450546297919 0.427238782856 0.906685830099
0.5500009472728489 1.33951110956 0.4092339843327897 0.43915192340276593 0.21687288901993138 0.2930816757154529 0.405972785779 0.179597079333
0.5500009472728489 1.39117776127 0.4092339843327897 0.4406925245043107 0.21958286514329228 0.6875556214233297 0.443667756157 0.904433555397
0.5500009472728489 1.4913711372 0.4092339843327897 0.44357695267973046 0.2244683145890635 0.47370386448396695 0.443862578338 0.42912536264
0.5500009472728489 1.69301433972 0.4092339843327897 0.44901649959332074 0.23304280546001563 0.7212868635441858 0.45865174219 0.962834974428
0.5500009472728489 1.99118567975 0.4092339843327897 0.45631801081864415 0.2433376276682776 0.6888758950892137 0.480542607719 0.838241069942
0.599999577047053 0.507019192329 0.37513206283747996 0.369800475223798 0.12862144382013568 0.032544873014621674 0.0501042344385 0.0179436005001
0.599999577047053 0.603114145267 0.37513206283747996 0.3745998564365865 0.1414202523069722 0.19604986399578275 0.0842185393856 0.387386288794
0.599999577047053 0.710725465877 0.37513206283747996 0.37944677062744864 0.15363321969291244 0.33352986702559356 0.132395849987 0.713204292024
0.599999577047053 0.760182946096 0.37513206283747996 0.3815209324190868 0.15862833802023704 0.35563218455782963 0.171802414647 0.62487293016
0.599999577047053 0.804811124922 0.37513206283747996 0.38332062886486823 0.16284750628036657 0.20794134143158313 0.189872480821 0.193302965795
0.599999577047053 0.861917809905 0.37513206283747996 0.3855332394951012 0.16788707518894969 0.5895008079099902 0.232747251461 1.26736908103
0.599999577047053 0.912014104283 0.37513206283747996 0.3873981233047273 0.1720077793163936 0.40216908531726175 0.260571614208 0.526876857377
0.599999577047053 0.965392918431 0.37513206283747996 0.38931385190031237 0.17612011147676637 0.3778787817972891 0.299160850023 0.40515305152
0.599999577047053 1.0053830751 0.37513206283747996 0.3907044883466461 0.17902893582178597 0.5866826747477668 0.316311477455 0.923656382333
0.599999577047053 1.06501581113 0.37513206283747996 0.3927126904365236 0.1831169921808028 0.36172831909698155 0.318149250319 0.349102513671
0.599999577047053 1.09440311637 0.37513206283747996 0.3936753066354867 0.18502977001480053 0.6590543574718121 0.33844669932 1.08935905612
0.599999577047053 1.16253327025 0.37513206283747996 0.3958433072442514 0.1892278549503306 0.6260785779877438 0.344485349022 0.965841343636
0.599999577047053 1.21555526751 0.37513206283747996 0.3974730684414285 0.1922847017202454 0.4505683362695123 0.331026192143 0.520568443625
0.599999577047053 1.27556392768 0.37513206283747996 0.39926154576755013 0.19554300798555513 0.3943629447751046 0.334201935081 0.395004552692
0.599999577047053 1.28608019617 0.37513206283747996 0.39956915568545304 0.1960933903634405 0.6702549084230226 0.363606083762 1.048739739
0.599999577047053 1.34217891931 0.37513206283747996 0.4011822819355458 0.19893202872040838 0.6274824701090372 0.354797453123 0.941979737413
0.599999577047053 1.38456327411 0.37513206283747996 0.40237130025521267 0.20097373972002955 0.5676072834361655 0.359588420766 0.760517269693
0.599999577047053 1.49778392219 0.37513206283747996 0.40543166831815247 0.20603563559985222 0.6496383575116556 0.379725043225 0.943393628252
0.599999577047053 1.68532373751 0.37513206283747996 0.41017251870316257 0.21334803419884657 0.5183849422205936 0.394523394996 0.578163743427
0.599999577047053 1.98644176581 0.37513206283747996 0.41707899040279 0.22292649677651266 0.6084617240570694 0.403702951344 0.778436986065
