0.020000107487001168 0.39541898740088904 11.2538934696008 11.724528618198601 4.189872203832608 6.150975245140534 0.8506657391250736 5.262596436278051e-09
0.020000107487001168 0.43916332679293074 11.2538934696008 11.768847919569167 4.469310223736211 6.682944637484432 1.1889856039768265 6.702020891722244e-07
0.020000107487001168 0.774769484981229 11.2538934696008 12.074011113399562 6.048948638833703 12.136044348873877 11.640793362687985 10.593126111245688
0.020000107487001168 0.8535010261169695 11.2538934696008 12.138258558496112 6.318519772333069 13.828804821218267 12.410290140578867 10.856554325704826
0.020000107487001168 0.9326386362014844 11.2538934696008 12.20052797347419 6.562734356362334 14.804131111095785 12.951957144126993 10.706458271442274
0.020000107487001168 1.0320511831437003 11.2538934696008 12.27575255314411 6.8372708696569235 13.210034023696686 13.31781957341141 11.54480073072448
0.020000107487001168 1.1427958414098203 11.2538934696008 12.35598025599856 7.107581726244473 14.983595928670576 14.52671632061497 12.40078549100933
0.020000107487001168 1.2148559696281591 11.2538934696008 12.40633435102359 7.266380642662423 17.070080904703474 15.464858512455836 11.952175687939302
0.020000107487001168 1.3058926559614643 11.2538934696008 12.468029270871678 7.450410572871245 15.650485034340976 15.552559490324633 13.13467051337263
0.020000107487001168 1.531203948075194 11.2538934696008 12.61245137159852 7.840318714072384 18.23458414773456 16.885726072448975 13.619417295450955
0.020000107487001168 1.7928663429942167 11.2538934696008 12.767441253551738 8.203478770171747 17.580643141098527 17.492492665525223 14.341532742715156
0.020000107487001168 2.0159523675736133 11.2538934696008 12.890466509474487 8.457150603528774 20.20220311482009 18.641617109310566 14.174731490366893
0.04999980435976088 0.27629541340830027 4.501599194664387 4.636398655343342 1.3190044825443954 1.8871353078306274 0.18572718653705672 6.338150148439731e-06
0.04999980435976088 0.4286754567030127 4.501599194664387 4.701126697305124 1.7617555734368353 2.3004614785076414 0.3270225024332461 0.0021080232990480794
0.04999980435976088 0.7385521218246704 4.501599194664387 4.815603924318613 2.3659416341799835 5.43462964715145 2.8684424826413997 4.054393807058382
0.04999980435976088 0.8453655405356724 4.501599194664387 4.850938528906391 2.516809376378025 4.830953687096146 4.502898277568935 4.113987886144149
0.04999980435976088 0.9113976110353422 4.501599194664387 4.871912585334091 2.599860354123343 5.4691106055307905 4.852916016241327 4.17477358662583
0.04999980435976088 1.091366847767237 4.501599194664387 4.92609589569801 2.794540651618001 5.0897668617313245 5.521873255993011 5.016597944860458
0.04999980435976088 1.1786121149284832 4.501599194664387 4.950956414785499 2.8752508294694072 5.913579769693308 5.706235209515723 4.966035516779756
0.04999980435976088 1.2830678911903552 4.501599194664387 4.9796455245020645 2.9623813982302063 6.900588729179004 6.177691139804585 5.04083483652184
0.04999980435976088 1.3565896477718464 4.501599194664387 4.999188184023404 3.0183140031837903 5.836933205179731 6.125201607963089 5.257150950052309
0.04999980435976088 1.5523875072643871 4.501599194664387 5.0488676866754405 3.149191414344239 6.721095534704134 6.735637008960394 5.651177634209165
0.04999980435976088 1.7838319328288945 4.501599194664387 5.103688755272385 3.2769234774882854 7.024343162118194 6.903795890714005 5.318996604190171
0.04999980435976088 2.01210008978742 4.501599194664387 5.1542140507195295 3.381282869047146 6.972339284438836 7.1804106562799275 5.8236567264705705
0.10000016608615116 0.23384615113767715 2.2507870521471793 2.3039395940617373 0.5844868376870729 1.1984731555135677 0.1249940805920436 1.0539860755467456e-06
0.10000016608615116 0.4310894138344817 2.2507870521471793 2.347031248805263 0.883885307684573 1.0941455398355964 0.12199213049804683 0.008658101049227316
0.10000016608615116 0.7288992914146512 2.2507870521471793 2.402760623640443 1.1755783221388632 2.4203364427884257 0.9568204068485833 0.1885754601826023
0.10000016608615116 0.840379812177295 2.2507870521471793 2.421444324708968 1.255114574558772 3.373808168145295 1.6541286791043734 0.9041213872721033
0.10000016608615116 0.9475715291709672 2.2507870521471793 2.4385029190662206 1.3212311134383783 3.193128319101701 2.437013132675173 1.9414162142995484
0.10000016608615116 1.0143321915167272 2.2507870521471793 2.4487223130974076 1.358148312907924 3.4099876247524836 2.655337924936477 1.9332218546301942
0.10000016608615116 1.1371480103997558 2.2507870521471793 2.466787930430544 1.4189251538551753 3.081617794529419 2.798873465098999 2.310500069896616
0.10000016608615116 1.3188863816676544 2.2507870521471793 2.4919665779165796 1.4950657669917706 3.1525833904725045 2.9624706727400754 2.488359617868022
0.10000016608615116 1.3365372698240798 2.2507870521471793 2.494322333237449 1.501724675572529 3.82407085688394 3.2657323824382463 2.3763915408972167
0.10000016608615116 1.57181823247108 2.2507870521471793 2.5243805547848472 1.580456552258863 3.0376939201680724 3.1749501490086045 2.7170394537266134
0.10000016608615116 1.8241806087440895 2.2507870521471793 2.5541779028890907 1.6483716747595762 3.0651331549211562 3.2882908782320683 2.7853551010044573
0.10000016608615116 2.0647487836662815 2.2507870521471793 2.5806036910458365 1.7014291354492468 3.3807925264715157 3.502844280238777 2.9955781217870467
0.19999836796706263 0.20749002540434164 1.1254045786830837 1.1394710757111604 0.2671262792347842 0.1583516731440348 0.0014646976428138905 0.02933646515892356
0.19999836796706263 0.4152235230374594 1.1254045786830837 1.1638624285614443 0.431924106947557 0.23050975663849704 0.027059824412754015 0.07284343074816806
0.19999836796706263 0.7171139235895009 1.1254045786830837 1.1936556728873013 0.5832162256992016 0.8597410435918347 0.31319277153058933 0.10881227530607053
0.19999836796706263 0.8285764183332741 1.1254045786830837 1.2034195807482537 0.6236335110562533 1.2214332114199429 0.5538319375560391 0.18548133015058413
0.19999836796706263 0.9341449531085062 1.1254045786830837 1.2121770407925794 0.656723748375625 1.4027322854729345 0.8009079142179204 0.3607646854875214
0.19999836796706263 1.0803861511623254 1.1254045786830837 1.2236213615014175 0.695955788431629 1.93455017370112 1.2836133254852646 0.76662554638255
0.19999836796706263 1.1376805223139672 1.1254045786830837 1.2279099643267386 0.7095922983724852 1.6501502491136413 1.3407564858363168 0.9976608054290559
0.19999836796706263 1.2640667022625247 1.1254045786830837 1.2370220527918578 0.7368114507059333 1.8368277936303992 1.4757554077597785 1.117022026930202
0.19999836796706263 1.3309072772180748 1.1254045786830837 1.2416619030760385 0.7498141173542858 1.472453603180389 1.446384111871258 1.2146585003116146
0.19999836796706263 1.5237575262292806 1.1254045786830837 1.254428421175293 0.782882010883041 1.8530560318626037 1.6302096203194607 1.189977953147648
0.19999836796706263 1.8498940218124704 1.1254045786830837 1.2742232402400877 0.827271605948985 1.865192232572775 1.7149762894924454 1.3351521254954122
0.19999836796706263 2.0399444044336925 1.1254045786830837 1.2848855304012998 0.848205638970982 1.9455065173207864 1.7663790642340422 1.3258087429850192
0.24999764861435653 0.2184555273995789 0.9003247842001942 0.9071182344771238 0.22220765322787195 0.18058185959635198 0.007234382667856364 0.0002670716398944435
0.24999764861435653 0.41198190837368454 0.9003247842001942 0.9260331643602744 0.3438724449592362 0.22970818734061046 0.022739676642827753 0.07849092761413029
0.24999764861435653 0.7198877702707224 0.9003247842001942 0.9511881802922612 0.46744129487547426 0.6648716264317159 0.2964187683818061 0.11061166288475577
0.24999764861435653 0.8167565163329555 0.9003247842001942 0.958189926750726 0.49570894046878183 0.883374681731723 0.4253368506108272 0.1605415304261246
0.24999764861435653 0.9506236816727468 0.9003247842001942 0.9673034344764068 0.5292000053895037 1.012048124439726 0.6199240547039112 0.3220620828431925
0.24999764861435653 1.049780119725693 0.9003247842001942 0.9736842542394301 0.5506393016332287 1.200791879132528 0.8512155958524136 0.5515521746149643
0.24999764861435653 1.1219974916607152 0.9003247842001942 0.9781546336786908 0.564757864045991 1.338232476164617 1.0483772103044793 0.7695212573317992
0.24999764861435653 1.233532974959752 0.9003247842001942 0.98479306133457 0.5844545410680608 1.3603128402412985 1.1694799784808365 0.8872996647655176
0.24999764861435653 1.349161323863637 0.9003247842001942 0.9913658194817023 0.6025729295678798 1.2344247620725406 1.1518551554997853 0.8808280796895455
0.24999764861435653 1.5292829459943507 0.9003247842001942 1.0010500028496088 0.6269958702125931 1.3888018243021951 1.2505524627918565 0.9359240294886145
0.24999764861435653 1.8304388954127673 0.9003247842001942 1.0159606443236655 0.6599598865703533 1.5939530487849718 1.3933976876932863 1.023722357397798
0.24999764861435653 2.006849350018286 0.9003247842001942 1.0240651196068227 0.6758202295035768 1.5981905447822737 1.359481132255465 0.9421144275047103
0.2999998872727382 0.20488256598907756 0.7502638787148973 0.7489875252789396 0.17637097582156092 0.16048946717680937 0.0002413405990015356 0.08234766485756738
0.2999998872727382 0.4133517565449559 0.7502638787148973 0.7670000339046033 0.28714592776744513 0.210687717696915 0.02379056759788159 0.07507638096918304
0.2999998872727382 0.7271585975529542 0.7502638787148973 0.7892015406034539 0.39141264249246815 0.2329787995862607 0.19008564208260909 0.1537298238863104
0.2999998872727382 0.8292179044458854 0.7502638787148973 0.7955296474789965 0.4158958874926447 0.7687568275589016 0.3647367790931159 0.16873717670201216
0.2999998872727382 0.9340697150214776 0.7502638787148973 0.8016756393798342 0.43779773821537493 0.7698019028388992 0.5103380228422078 0.28576656897386893
0.2999998872727382 1.0571687287111822 0.7502638787148973 0.8084897588659291 0.46011093227674227 0.8802347733148511 0.7127624122166297 0.5024072164089058
0.2999998872727382 1.1361328815469853 0.7502638787148973 0.8126578116820401 0.4728198780000778 0.9537205127964264 0.8079692958021932 0.588444589120181
0.2999998872727382 1.236095833137026 0.7502638787148973 0.8177300123194639 0.4873955915824424 1.1697072205663732 0.9630222513191433 0.700587723256875
0.2999998872727382 1.3271832399655181 0.7502638787148973 0.822170341701325 0.49940451488840304 1.1227981169743242 0.9440517958435186 0.6970295296421065
0.2999998872727382 1.5942595237895514 0.7502638787148973 0.8343232166505143 0.5290377629511016 1.2584991811444712 1.050893609848339 0.6978213716066621
0.2999998872727382 1.8323436182140813 0.7502638787148973 0.844236072637553 0.5501142746218781 1.3093433395720293 1.1227176952138904 0.7939256475296316
0.2999998872727382 2.0330192760485053 0.7502638787148973 0.8520306280641987 0.5649919879259192 1.202481115537804 1.1160713943257237 0.8220033877000731
0.3999998273507041 0.20842722559612295 0.5626979404716994 0.5512466827171261 0.1340216994063411 0.13106084990099634 0.00201310086969108 0.03146615939859336
0.3999998273507041 0.41083417219508556 0.5626979404716994 0.5662932131308018 0.214547900318833 0.17510119486207473 0.023823350980077384 0.0687685786574381
0.3999998273507041 0.721119906795064 0.5626979404716994 0.5845880428161695 0.2923883932487952 0.29920105880435444 0.17135601235619197 0.1263499911506533
0.3999998273507041 0.830403375462723 0.5626979404716994 0.59012227964821 0.31212051272430474 0.4994004766846618 0.2897226784062299 0.16680191490252186
0.3999998273507041 0.9317318102314122 0.5626979404716994 0.5949356217055691 0.3280055494713879 0.6866929334908046 0.41147186830711957 0.19898114753108073
0.3999998273507041 1.0342703703462695 0.5626979404716994 0.5995367110295299 0.34215364509128593 0.8046552946039572 0.5450422237777384 0.3215024629200942
0.3999998273507041 1.1567932280111854 0.5626979404716994 0.6047244067220209 0.3569725711288544 0.7549366475946734 0.6359809463328842 0.43649179453050435
0.3999998273507041 1.2355952109417168 0.5626979404716994 0.6079025889583282 0.36549482941209055 0.8932354891107254 0.6776321746200592 0.4083034828338486
0.3999998273507041 1.3839481520418504 0.5626979404716994 0.6135895695906096 0.3797616050409794 0.8189174903643691 0.693835756180958 0.4738285570820017
0.3999998273507041 1.5665177590199963 0.5626979404716994 0.6201246575553531 0.3947172058760244 0.838855427331169 0.7291987363045942 0.5114376021559309
0.3999998273507041 1.7926311403243138 0.5626979404716994 0.627620228954767 0.4101617330843351 0.9055223498223604 0.750885828020216 0.5011895937493638
0.3999998273507041 1.9720590927934365 0.5626979404716994 0.6331685470887043 0.4205338830778685 0.8061099403008904 0.7486013904244069 0.5693990370139865
0.5 0.2078641665645362 0.45015815807855303 0.43052229629298033 0.10699651378270757 0.1261419356419784 0.0021654222594418965 0.032414696104644064
0.5 0.4107093991722552 0.45015815807855303 0.44489188467446894 0.17160599023792825 0.1933601473377476 0.02603013914879565 0.07910566286637133
0.5 0.7111181975049631 0.45015815807855303 0.46096066230563004 0.23234081480307092 0.15770777924766544 0.14729291228931243 0.12791216737539315
0.5 0.8166623571435987 0.45015815807855303 0.46570750664318833 0.24783929698855237 0.2343286323285669 0.2118285875670159 0.16802855716293472
0.5 0.9337093440088445 0.45015815807855303 0.47058082983668653 0.26263632776046275 0.39719577820305485 0.2988031842321079 0.21535046928267906
0.5 1.0419949892747709 0.45015815807855303 0.47478141939626256 0.27452043736568116 0.6077244343702516 0.4248338130527058 0.23672834037260918
0.5 1.1354825104117003 0.45015815807855303 0.47820344162776485 0.28363174476266734 0.5554002686758196 0.45509757186036476 0.3198306518339822
0.5 1.2677414760221533 0.45015815807855303 0.48276447732455346 0.29501745529910245 0.5508573773345226 0.4652480777549422 0.34538771795933865
0.5 1.336994386427434 0.45015815807855303 0.48503642899331034 0.30037961232321914 0.5848236274515526 0.4756080851716278 0.3336744738207663
0.5 1.4802709940155971 0.45015815807855303 0.4895137106585031 0.310375133999658 0.5882136281187769 0.5056915063943295 0.3270577318374211
0.5 1.7255137511842078 0.45015815807855303 0.496578545740893 0.32470548047965825 0.5638655502427923 0.5093376247800436 0.36838206367229276
0.5 1.9550494573112305 0.45015815807855303 0.5026245275463666 0.33568907579527013 0.636183574537813 0.5465998192871557 0.38952162585131883
