0.020000107487001168 0.39541898740088904 11.2538934696008 11.724528618198601 3.3255037719881 6.193347818315711 0.85233731611504
0.020000107487001168 0.43916332679293074 11.2538934696008 11.768847919569167 3.5472938753655443 6.766553358627461 1.1937932782242289
0.020000107487001168 0.774769484981229 11.2538934696008 12.074011113399562 4.801053716293113 11.995121645937301 11.627167128598215
0.020000107487001168 0.8535010261169695 11.2538934696008 12.138258558496112 5.015012466741692 14.385733292601344 12.474270667443895
0.020000107487001168 0.9326386362014844 11.2538934696008 12.20052797347419 5.208845710538706 15.391110184094519 13.024937516655696
0.020000107487001168 1.0320511831437003 11.2538934696008 12.27575255314411 5.4267454855424635 13.154799361958496 13.311827116715024
0.020000107487001168 1.1427958414098203 11.2538934696008 12.35598025599856 5.6412913545952135 15.334181671297896 14.569982529030378
0.020000107487001168 1.2148559696281591 11.2538934696008 12.40633435102359 5.767330138081844 17.803608235158443 15.570012052270368
0.020000107487001168 1.3058926559614643 11.2538934696008 12.468029270871678 5.913394790485405 15.848003323257451 15.578264046227599
0.020000107487001168 1.531203948075194 11.2538934696008 12.61245137159852 6.222865087242231 19.211581734343145 17.034212587696686
0.020000107487001168 1.7928663429942167 11.2538934696008 12.767441253551738 6.511105414784711 17.96771856404551 17.54772554696751
0.020000107487001168 2.0159523675736133 11.2538934696008 12.890466509474487 6.712444882347533 21.380188657260774 18.84000244382631
0.020000107487001168 2.512121436017092 11.2538934696008 13.13962810796232 7.05892419941109 20.609150752304156 19.98406637342808
0.020000107487001168 3.0727458868700057 11.2538934696008 13.389089001102747 7.339774752338783 23.181878498063686 21.28938887588598
0.020000107487001168 3.9848294829590407 11.2538934696008 13.741646651123505 7.652027886600207 23.286350514299457 22.601613204752944
0.04999980435976088 0.27629541340830027 4.501599194664387 4.636398655343342 1.046894551570872 1.8959993895899145 0.18604812627128745
0.04999980435976088 0.4286754567030127 4.501599194664387 4.701126697305124 1.3983063252922352 2.321766504848293 0.3280900073423678
0.04999980435976088 0.7385521218246704 4.501599194664387 4.815603924318613 1.8778491194963332 5.608683409896019 2.8887141409788866
0.04999980435976088 0.8453655405356724 4.501599194664387 4.850938528906391 1.9975929258329526 4.762213047009698 4.49615164906907
0.04999980435976088 0.9113976110353422 4.501599194664387 4.871912585334091 2.063510530552905 5.615485024703345 4.869862241587156
0.04999980435976088 1.091366847767237 4.501599194664387 4.92609589569801 2.2180283850731564 4.773140631708676 5.490710823164287
0.04999980435976088 1.1786121149284832 4.501599194664387 4.950956414785499 2.2820880956860874 5.980145028660909 5.714203666378358
0.04999980435976088 1.2830678911903552 4.501599194664387 4.9796455245020645 2.3512436739408273 7.159547306620932 6.214152039736795
0.04999980435976088 1.3565896477718464 4.501599194664387 4.999188184023404 2.3956374119121477 5.62662987652395 6.1008635238791165
0.04999980435976088 1.5523875072643871 4.501599194664387 5.0488676866754405 2.4995148819896325 6.711330466085627 6.7343607076655285
0.04999980435976088 1.7838319328288945 4.501599194664387 5.103688755272385 2.600895887692097 6.926414752273531 6.890049741686597
0.04999980435976088 2.01210008978742 4.501599194664387 5.1542140507195295 2.683725991663745 6.827629400980291 7.160340397059635
0.04999980435976088 2.5000158812602002 4.501599194664387 5.252548821136071 2.8207313896313786 7.5715653568759125 7.716075206889505
0.04999980435976088 3.0396483042237907 4.501599194664387 5.349166769333659 2.930248863227447 8.912592100095102 8.242320410787539
0.04999980435976088 3.9494208132396635 4.501599194664387 5.49083291686506 3.056911547794568 9.05854777359792 8.808636605155455
0.10000016608615116 0.23384615113767715 2.2507870521471793 2.3039395940617373 0.4639075105030128 1.206828375251944 0.12541175622178666
0.10000016608615116 0.4310894138344817 2.2507870521471793 2.347031248805263 0.7015402336188634 1.1018800224424412 0.1223597800706168
0.10000016608615116 0.7288992914146512 2.2507870521471793 2.402760623640443 0.9330571326171211 2.5124899268706007 0.96658981258803
0.10000016608615116 0.840379812177295 2.2507870521471793 2.421444324708968 0.9961850979976068 3.567986381704681 1.6824228894067415
0.10000016608615116 0.9475715291709672 2.2507870521471793 2.4385029190662206 1.0486618296825987 3.31155264591508 2.4528357944386783
0.10000016608615116 1.0143321915167272 2.2507870521471793 2.4487223130974076 1.0779630303194367 3.597688822935641 2.682637124474314
0.10000016608615116 1.1371480103997558 2.2507870521471793 2.466787930430544 1.126201640946922 3.1286780296961987 2.8048708085590865
0.10000016608615116 1.3188863816676544 2.2507870521471793 2.4919665779165796 1.18663448564219 3.1511700328899495 2.9623366047030912
0.10000016608615116 1.3365372698240798 2.2507870521471793 2.494322333237449 1.1919196648852177 3.9478384046536976 3.2853125345772716
0.10000016608615116 1.57181823247108 2.2507870521471793 2.5243805547848472 1.254409196822876 2.936801525342195 3.1628301146869364
0.10000016608615116 1.8241806087440895 2.2507870521471793 2.5541779028890907 1.3083134652739674 2.9697438392664055 3.27679237258664
0.10000016608615116 2.0647487836662815 2.2507870521471793 2.5806036910458365 1.350425199730739 3.338640383152961 3.4972244081943074
0.10000016608615116 2.5397741702921164 2.2507870521471793 2.6281545329833804 1.4150212025215925 3.9340770103261025 3.7942549786832105
0.10000016608615116 2.9938381365470397 2.2507870521471793 2.6689868158711967 1.4610948551406937 4.50415753787616 4.120057488553235
0.10000016608615116 3.9959498614953617 2.2507870521471793 2.7473228827725302 1.5310219170093078 4.798026766847505 4.378340581777683
0.19999836796706263 0.20749002540434164 1.1254045786830837 1.1394710757111604 0.21201826833282378 0.1583516731440347 0.001464697642813891
0.19999836796706263 0.4152235230374594 1.1254045786830837 1.1638624285614443 0.3428183908694885 0.23120515716283102 0.027045634039609807
0.19999836796706263 0.7171139235895009 1.1254045786830837 1.1936556728873013 0.46289902509991765 0.88633699058804 0.31522368244811777
0.19999836796706263 0.8285764183332741 1.1254045786830837 1.2034195807482537 0.494978245746659 1.2745098493029285 0.5595157562523877
0.19999836796706263 0.9341449531085062 1.1254045786830837 1.2121770407925794 0.5212419845119831 1.4631684201656832 0.8082360581760322
0.19999836796706263 1.0803861511623254 1.1254045786830837 1.2236213615014175 0.5523804753398627 2.05509713474436 1.303007246252525
0.19999836796706263 1.1376805223139672 1.1254045786830837 1.2279099643267386 0.5632037804525077 1.711375675580921 1.3492086812283177
0.19999836796706263 1.2640667022625247 1.1254045786830837 1.2370220527918578 0.5848076359764067 1.9485184542441203 1.492786230142226
0.19999836796706263 1.3309072772180748 1.1254045786830837 1.2416619030760385 0.5951278593344002 1.4930618768529769 1.4488855981623086
0.19999836796706263 1.5237575262292806 1.1254045786830837 1.254428421175293 0.6213738638213593 1.8963194989675252 1.6368523130552366
0.19999836796706263 1.8498940218124704 1.1254045786830837 1.2742232402400877 0.6566059087734203 1.904714331887435 1.7209018756681993
0.19999836796706263 2.0399444044336925 1.1254045786830837 1.2848855304012998 0.6732212617939477 2.016338296399836 1.7777268434085232
0.19999836796706263 2.4765815512849745 1.1254045786830837 1.3074070793809158 0.703783857423455 1.9184879921222842 1.8265607626480207
0.19999836796706263 2.938811248546032 1.1254045786830837 1.328816323808824 0.7280717824500282 2.0280129282847876 1.9140194156863346
0.19999836796706263 3.9259276968833903 1.1254045786830837 1.368384529401723 0.7635712261353841 2.072645524735125 2.0314366709546903
0.24999764861435653 0.2184555273995789 0.9003247842001942 0.9071182344771238 0.1763663312446544 0.18058185959635192 0.007234382667856366
0.24999764861435653 0.41198190837368454 0.9003247842001942 0.9260331643602744 0.2729317404355841 0.23046786177800618 0.022720289856222063
0.24999764861435653 0.7198877702707224 0.9003247842001942 0.9511881802922612 0.37100840160935256 0.6852468972568672 0.2979147877702184
0.24999764861435653 0.8167565163329555 0.9003247842001942 0.958189926750726 0.3934444467850929 0.9185649895612085 0.42876769318202457
0.24999764861435653 0.9506236816727468 0.9003247842001942 0.9673034344764068 0.4200263226284375 1.045674037394785 0.623549961544448
0.24999764861435653 1.049780119725693 0.9003247842001942 0.9736842542394301 0.43704270333381096 1.2380594586918898 0.8559276318961219
0.24999764861435653 1.1219974916607152 0.9003247842001942 0.9781546336786908 0.4482486137469598 1.396538224875367 1.0566053377612536
0.24999764861435653 1.233532974959752 0.9003247842001942 0.98479306133457 0.4638818766595154 1.3895180624801442 1.1736102396866746
0.24999764861435653 1.349161323863637 0.9003247842001942 0.9913658194817023 0.47826245114180593 1.2191559984200366 1.1499618930916609
0.24999764861435653 1.5292829459943507 0.9003247842001942 1.0010500028496088 0.4976469519775933 1.445267376377774 1.2587299308886524
0.24999764861435653 1.8304388954127673 0.9003247842001942 1.0159606443236655 0.523810509099296 1.641038746769233 1.401001328338756
0.24999764861435653 2.006849350018286 0.9003247842001942 1.0240651196068227 0.5363988716276838 1.678525418855643 1.3729537243466483
0.24999764861435653 2.4867558202618634 0.9003247842001942 1.044212730608772 0.5635167850237365 1.7681875047516566 1.455079376040802
0.24999764861435653 2.9129116512118616 0.9003247842001942 1.0602223461487812 0.5815021402829449 1.8223658204594226 1.539693808084679
0.24999764861435653 3.9346617669591986 0.9003247842001942 1.0933807578289605 0.6110546390557197 1.4850293091514672 1.5196618670612838
0.2999998872727382 0.20488256598907756 0.7502638787148973 0.7489875252789396 0.1399857362779018 0.16048946717680937 0.00024134059900153565
0.2999998872727382 0.4133517565449559 0.7502638787148973 0.7670000339046033 0.2279078739032135 0.2115705000157059 0.023765812750286056
0.2999998872727382 0.7271585975529542 0.7502638787148973 0.7892015406034539 0.3106644202230984 0.23487142823782944 0.19014345300607596
0.2999998872727382 0.8292179044458854 0.7502638787148973 0.7955296474789965 0.33009678465753606 0.8072431048316469 0.3686313189767609
0.2999998872727382 0.9340697150214776 0.7502638787148973 0.8016756393798342 0.3474802950961923 0.790854270595005 0.5124246400843381
0.2999998872727382 1.0571687287111822 0.7502638787148973 0.8084897588659291 0.3651902889590848 0.8668110311065717 0.7113285234475627
0.2999998872727382 1.1361328815469853 0.7502638787148973 0.8126578116820401 0.37527738586439957 0.9614261756121086 0.8088947330833636
0.2999998872727382 1.236095833137026 0.7502638787148973 0.8177300123194639 0.38684613740131596 1.2075144530754325 0.9685217023702251
0.2999998872727382 1.3271832399655181 0.7502638787148973 0.822170341701325 0.3963776261457597 1.1460193143752806 0.9472934358751938
0.2999998872727382 1.5942595237895514 0.7502638787148973 0.8343232166505143 0.41989755071974083 1.2994767909850493 1.0572004962377999
0.2999998872727382 1.8323436182140813 0.7502638787148973 0.844236072637553 0.43662598911874617 1.358957509399813 1.130604290699174
0.2999998872727382 2.0330192760485053 0.7502638787148973 0.8520306280641987 0.4484344379936041 1.2153985882455765 1.1179777398081328
0.2999998872727382 2.49581268861 0.7502638787148973 0.8684122391174325 0.4699536156637808 0.9037091508290394 1.13585441933 0.610314302043
0.2999998872727382 2.9835460519553734 0.7502638787148973 0.8837635466467603 0.48672682002494666 1.3981248934856212 1.202102974675732
0.2999998872727382 3.8969981699080867 0.7502638787148973 0.9086636352072015 0.5084955613391414 1.49351261280604 1.2909377864242038
0.3999998273507041 0.20842722559612295 0.5626979404716994 0.5512466827171261 0.10637309331209584 0.13106084990099626 0.0020131008696910803
0.3999998273507041 0.41083417219508556 0.5626979404716994 0.5662932131308018 0.17028678133184194 0.17610298237408073 0.023792125266986975
0.3999998273507041 0.721119906795064 0.5626979404716994 0.5845880428161695 0.2320688215132145 0.3086289212412195 0.17185421808332269
0.3999998273507041 0.830403375462723 0.5626979404716994 0.59012227964821 0.2477302151197076 0.5203944168304034 0.2915547340133568
0.3999998273507041 0.9317318102314122 0.5626979404716994 0.5949356217055691 0.2603381771411442 0.721134387784602 0.4155601122281183
0.3999998273507041 1.0342703703462695 0.5626979404716994 0.5995367110295299 0.27156752807633056 0.848952319094861 0.5511042695410611
0.3999998273507041 1.1567932280111854 0.5626979404716994 0.6047244067220209 0.2833293174668681 0.7641216523068249 0.6371292796422231
0.3999998273507041 1.2355952109417168 0.5626979404716994 0.6079025889583282 0.290093438348845 0.9354789428726488 0.6839793633084074
0.3999998273507041 1.3839481520418504 0.5626979404716994 0.6135895695906096 0.3014169856695913 0.8350756195589134 0.6959876914675562
0.3999998273507041 1.5665177590199963 0.5626979404716994 0.6201246575553531 0.3132872539187747 0.8735549210586995 0.7340333426142149
0.3999998273507041 1.7926311403243138 0.5626979404716994 0.627620228954767 0.32554558328758676 0.9596119144303746 0.7590977626539088
0.3999998273507041 1.9720590927934365 0.5626979404716994 0.6331685470887043 0.3337779641930401 0.8288476724635999 0.7516758837352712
0.3999998273507041 2.415800206328302 0.5626979404716994 0.6456570661425259 0.3500213937305894 1.0247952105282967 0.8134884609501507
0.3999998273507041 2.926594209849446 0.5626979404716994 0.6583268417079865 0.36375230491686084 0.8878909130371989 0.839843757738433
0.3999998273507041 3.9071762792869555 0.5626979404716994 0.679031986249931 0.381516874338021 0.9654739462629824 0.8956413644861839
0.5 0.2078641665645362 0.45015815807855303 0.43052229629298033 0.08492318926779999 0.1261419356419784 0.0021654222594418957
0.5 0.4107093991722552 0.45015815807855303 0.44489188467446894 0.13620376471386594 0.1948628713475681 0.02596547899186816
0.5 0.7111181975049631 0.45015815807855303 0.46096066230563004 0.1844090269167717 0.16024706238238454 0.14738125577925795
0.5 0.8166623571435987 0.45015815807855303 0.46570750664318833 0.19671018037934354 0.23598711909560047 0.2119129597061055
0.5 0.9337093440088445 0.45015815807855303 0.47058082983668653 0.2084545914860117 0.4106739496337689 0.2999502317430202
0.5 1.0419949892747709 0.45015815807855303 0.47478141939626256 0.21788701553052625 0.6395640179233749 0.42896364449506913
0.5 1.1354825104117003 0.45015815807855303 0.47820344162776485 0.225118665003917 0.5801121850144455 0.45800333091105244
0.5 1.2677414760221533 0.45015815807855303 0.48276447732455346 0.2341555094453882 0.5768474960314354 0.4682371026136298
0.5 1.336994386427434 0.45015815807855303 0.48503642899331034 0.23841145629583899 0.611626634631373 0.47891100749193455
0.5 1.4802709940155971 0.45015815807855303 0.4895137106585031 0.24634490710791396 0.5971163314917424 0.5068113640562872
0.5 1.7255137511842078 0.45015815807855303 0.496578545740893 0.2577189106466245 0.5728861626395059 0.5104154596092085
0.5 1.9550494573112305 0.45015815807855303 0.5026245275463666 0.2664365960258222 0.6604699550151656 0.5498830961242335
0.5 2.4316362418291373 0.45015815807855303 0.5138208351170076 0.28041195557219145 0.7001962753471641 0.569611322515609
0.5 2.9174018407751006 0.45015815807855303 0.523797961324835 0.2908317011003998 0.707889819369626 0.5878422588470626
0.5 3.9252485897481804 0.45015815807855303 0.5413062634486999 0.30541832772746524 0.753423782867781 0.6609799198667264
