0.04999959199176566 0.4194836263879313 4.501618314732335 4.697424693235167 0.6118804970477308 0.23439982005084625 0.03691407128026736 0.03691407128026736
0.04999959199176566 0.5415639059977235 4.501618314732335 4.745187319308167 0.7598936368880369 0.4843766029091724 0.03673998424931684 0.05510987245778636
0.04999959199176566 0.8457019547016187 4.501618314732335 4.85106762652494 1.0838917603718567 4.513789819701795 1.7844737484802944 2.9473803728759
0.04999959199176566 0.8216697294255241 4.501618314732335 4.843275447044255 1.060345988072346 4.17713554799088 1.444668964898819 1.5187552521540277
0.04999959199176566 0.9151637291940491 4.501618314732335 4.8731107700087986 1.1501710994131826 5.5238074809497455 2.2828976482612267 2.483151976444607
0.04999959199176566 0.9205979800975943 4.501618314732335 4.874806306577151 1.1552481168209894 4.247343609829426 2.307853348285601 2.724022604560637
0.04999959199176566 1.0882647433044847 4.501618314732335 4.925216926246983 1.3046716344079878 5.295515278680619 3.694530026972953 3.5957458016528205
0.04999959199176566 1.210379028870582 4.501618314732335 4.959822035496808 1.4053650206917974 5.4565038770214285 3.202259185305281 3.283328995708621
0.04999959199176566 1.279430327961352 4.501618314732335 4.978686244738678 1.4595452176202128 6.089569465765407 2.4760039874661377 3.450172476417532
0.09999995683767603 0.4109019462204396 2.2507917618867976 2.3428888026181642 0.3005147347888369 0.14023339169066287 0.03668945203326876 0.03668945203326876
0.09999995683767603 0.5203293171304677 2.2507917618867976 2.3647525687699087 0.3674786370675227 0.12993656379159055 0.03688700494736449 0.05533040308902123
0.09999995683767603 0.6302966904178968 2.2507917618867976 2.3853355164088743 0.4302949243547593 0.5229720881828123 0.055789186197438695 0.09298175006651509
0.09999995683767603 0.754160043923057 2.2507917618867976 2.407089762568799 0.49621257012272746 0.9080702438332642 0.09158863887230341 0.14654172411115324
0.09999995683767603 1.0418483334176085 2.2507917618867976 2.4528551173616573 0.6323241636985568 2.634957789478985 1.7796886276970367 1.7594646018490496
0.09999995683767603 1.0886173563616586 2.2507917618867976 2.4597630282152205 0.6524808676308539 2.7664551642037236 1.626796883225606 1.6870485084700606
0.09999995683767603 1.1716891204803057 2.2507917618867976 2.47171447653535 0.6870723732021976 2.830940000886215 1.519013352354486 1.657105475295803
0.09999995683767603 1.24830308352318 2.2507917618867976 2.482397948869963 0.7176735648073942 3.122289179334123 1.009007032678751 1.5942293111023842
0.09999995683767603 1.3342724310704355 2.2507917618867976 2.4940261306620894 0.750616123515745 3.038935349021548 2.1863968211755984 2.106163028188163
0.14999989426176324 0.4119202289009452 1.5005282513499199 1.557576115074753 0.2007732644020213 0.031091955498719584 0.036930600199687136 0.036930600199687136
0.14999989426176324 0.5290739360267276 1.5005282513499199 1.5734536212157804 0.2484214104836632 0.08232113078019249 0.03687456699647731 0.05531174619787022
0.14999989426176324 0.6304214567232309 1.5005282513499199 1.586303350990783 0.28690928803497845 0.19974009499500398 0.05585866403168843 0.07447821870891791
0.14999989426176324 0.7538067949644381 1.5005282513499199 1.600999365009887 0.33068766783072473 0.5441673054547007 0.09107608406414433 0.1457216369670063
0.14999989426176324 0.858112245122244 1.5005282513499199 1.6127159221436076 0.3653056543003815 1.0730430867653327 0.13114256834684035 0.2060811788307491
0.14999989426176324 1.048831219371099 1.5005282513499199 1.6327115410845332 0.42357738419881924 1.6868200467427952 0.35916017800693234 0.7183231811771084
0.14999989426176324 1.065650187188699 1.5005282513499199 1.6343957273045573 0.4284304560801737 1.6359342030204795 0.3851706012894009 0.8070241169873162
0.14999989426176324 1.2685289770213113 1.5005282513499199 1.653828331272814 0.48370239754905986 1.9847413072535214 0.896140881304591 1.115198564855792
0.14999989426176324 1.3740824452597222 1.5005282513499199 1.6633547040368246 0.5102641791618747 2.109807470176387 1.3480453027948036 1.3480453027948036
0.20000033217230231 0.41147722518438407 1.1253935260735897 1.1634437340819808 0.1504392977128693 0.051832514170363574 0.036455587676355365 0.036455587676355365
0.20000033217230231 0.5318218711409185 1.1253935260735897 1.1760199141912295 0.1871224122680716 0.08176629004531576 0.036545508829093 0.0548181598775092
0.20000033217230231 0.636171039532737 1.1253935260735897 1.1861773276817311 0.21676595493076398 0.17890784785115266 0.055510876618502576 0.09251790190034585
0.20000033217230231 0.7330929990287761 1.1253935260735897 1.1950788395708676 0.24266954027413407 0.3270930360694493 0.05519429474946557 0.09199065544087877
0.20000033217230231 0.8582056375530197 1.1253935260735897 1.2059109776683288 0.27400115101640055 0.7370233202513691 0.09266115623604723 0.166790081224885
0.20000033217230231 0.9576061313113085 1.1253935260735897 1.2140521995048417 0.2973517173727581 0.9227018854854787 0.15073916256449418 0.26379360488974835
0.20000033217230231 1.0943060122282608 1.1253935260735897 1.2246606777495586 0.32744851049195756 1.4631916105886957 0.3890620123696874 0.611383162295223
0.20000033217230231 1.3091218193630523 1.1253935260735897 1.2401502378949305 0.3705622735036629 1.5501547347798446 0.8721161226863605 0.9910426859826271
0.20000033217230231 1.3916849446160502 1.1253935260735897 1.245768827764948 0.38591856423942555 1.5587549409394834 0.8177948543759157 0.93747433301628
0.2500004970244882 0.4108922650110522 0.9003145262436396 0.9259237295100252 0.12020314902919968 0.03631692013968597 0.03680659004427534 0.03680659004427534
0.2500004970244882 0.5422995876949916 0.9003145262436396 0.9372811538335486 0.15214874750213297 0.10699328529276039 0.036699767749921806 0.055049547822443055
0.2500004970244882 0.6175211072922894 0.9003145262436396 0.9433502876161166 0.16928484648949105 0.1485557029139577 0.056406088858602994 0.07520811847813733
0.2500004970244882 0.7470157326757196 0.9003145262436396 0.9531753416885449 0.19701572577169044 0.2813030064967427 0.07361535073751253 0.11042314928837421
0.2500004970244882 0.8609272369513791 0.9003145262436396 0.9612538988632512 0.21972634000505176 0.5090587193440043 0.1307030822663689 0.1867186889519556
0.2500004970244882 0.9663631962853471 0.9003145262436396 0.968324869368482 0.23947802689846023 0.780635797698748 0.16811910056280402 0.24283885591240148
0.2500004970244882 1.0948249841638509 0.9003145262436396 0.9764778996890076 0.2620467964403279 0.9896964059444175 0.2603178004290115 0.3718825720414449
0.2500004970244882 1.1721197725224028 0.9003145262436396 0.9811647762827065 0.27489845408598274 1.0939614556395247 0.3354859252631934 0.44731251400464367
0.2500004970244882 1.3762621182993655 0.9003145262436396 0.9928527618360897 0.30647801208652053 1.192132303845597 0.522803333531556 0.6233428365311097
0.29999944702707154 0.4109489026576712 0.7502649797183316 0.7668113611759014 0.10018163840567564 0.03655837639414264 0.036750286134288254 0.036750286134288254
0.29999944702707154 0.5229760851239711 0.7502649797183316 0.7753049588350124 0.12301397756173013 0.07670948472471255 0.03676629350055203 0.05514933626022547
0.29999944702707154 0.6312265969977564 0.7502649797183316 0.7828987359861453 0.14360295259161032 0.14839801417690718 0.05582567434153347 0.09304256349158646
0.29999944702707154 0.753067480681061 0.7502649797183316 0.790844102698276 0.16521756773341967 0.2871673222169715 0.07269988544094437 0.12722473869653356
0.29999944702707154 0.8581801715044861 0.7502649797183316 0.7972625116689985 0.18266397336644336 0.4051439704116619 0.07458111455165412 0.1305169504653947
0.29999944702707154 1.1891836060716507 0.7502649797183316 0.8153780248647545 0.23138938262172254 1.0139248699075911 0.4764714483150179 0.6154422874068981
0.29999944702707154 1.2668767578419975 0.7502649797183316 0.8192502971769773 0.24163792348286514 0.999536608409032 0.3717711177465623 0.4696056224167103
0.29999944702707154 1.3183539319240338 0.7502649797183316 0.8217483030192027 0.24820819906084493 0.9868986333331213 0.2764255745306384 0.4146370568491631
0.29999944702707154 1.374803717680332 0.7502649797183316 0.8244291795015005 0.25522074524091326 0.9915069040021701 0.5184329490328097 0.5583118772504484
0.350000674828279 0.4245688652316544 0.6430818430556089 0.6534786298633668 0.08832472502977864 0.03801208796554328 0.03669316526718551 0.03669316526718551
0.350000674828279 0.5212827691451398 0.6430818430556089 0.6600708331971172 0.10515457998461725 0.07810174649612987 0.036610847963282296 0.05491616839398649
0.350000674828279 0.6162229332333536 0.6430818430556089 0.6660899618533208 0.12071127206011047 0.11649224602514714 0.03769856107703794 0.05654784161555691
0.350000674828279 0.7365729564381369 0.6430818430556089 0.6731806423426735 0.13918405602571604 0.19269853864438471 0.07436439832908753 0.130137634858152
0.350000674828279 0.8480156410238142 0.6430818430556089 0.6792917010278423 0.15516152346865358 0.32637280442360217 0.09301412146902921 0.14882259435044673
0.350000674828279 0.9448734489718396 0.6430818430556089 0.6842985279289502 0.16824704684519162 0.4902408958806354 0.11123159605332086 0.20392463894225538
0.350000674828279 1.0753759945769752 0.6430818430556089 0.6906569898702948 0.1848067590818129 0.6636979907118763 0.18533457932147376 0.25946841105006324
0.350000674828279 1.2925969298873636 0.6430818430556089 0.7004083726394136 0.20994955140735444 0.780325173932875 0.3116977508301037 0.3896217861854195
0.350000674828279 1.3713197316908259 0.6430818430556089 0.7037218817963805 0.21839370752535786 0.8527255815767786 0.31745721022211804 0.3769811005545552
0.39999894633711774 0.4172893891466829 0.5626991798362905 0.5667248966433586 0.07613869743202217 0.02942006165063921 0.03662326548572411 0.03662326548572411
0.39999894633711774 0.5373634930364383 0.5626991798362905 0.5742988965172583 0.09437301827195874 0.06823866397506143 0.05515383214220586 0.0735385815217146
0.39999894633711774 0.6158201471463993 0.5626991798362905 0.5788621052243033 0.10556675818703734 0.09944582998620967 0.05596141855501186 0.0746152247400158
0.39999894633711774 0.7398503443830706 0.5626991798362905 0.5855656505163633 0.12221080377275485 0.17302708800823355 0.055922290063953786 0.09320398313066337
0.39999894633711774 0.8597871469052711 0.5626991798362905 0.5915488950065713 0.13719207679267426 0.3256027143048833 0.09347634899914052 0.1682574281984529
0.39999894633711774 0.9571855173586609 0.5626991798362905 0.5961030722397331 0.14862844239154802 0.44139457725513803 0.09251815267841428 0.18503630535682855
0.39999894633711774 1.2065690294483369 0.5626991798362905 0.6067468235604679 0.17528894613034912 0.6872207393197258 0.23353265704003806 0.3113768760533841
0.39999894633711774 1.1524270940690045 0.5626991798362905 0.6045462358382122 0.16979676888813378 0.6244344871122651 0.1510236409066784 0.30204759372967077
0.39999894633711774 1.2945070024866414 0.5626991798362905 0.6102064391426667 0.18388944525809336 0.6457422970399561 0.15443064441720816 0.2702534611619833
0.5000012499552529 0.42121297711326827 0.4501570327262577 0.4455370163804524 0.061405237832065925 0.026695798162410436 0.036713725762103244 0.036713725762103244
0.5000012499552529 0.5323646899290913 0.4501570327262577 0.45194936241405187 0.07491258522759045 0.07056513937473019 0.03662031912559024 0.054930375110659964
0.5000012499552529 0.6229428260784007 0.4501570327262577 0.45668716905644924 0.08524479722107056 0.11510776456709725 0.037171431218127556 0.07434286243625511
0.5000012499552529 0.7239434299464231 0.4501570327262577 0.46155627866059606 0.09611492238871223 0.18474612431967943 0.05518817011453537 0.07358430890615546
0.5000012499552529 0.8390454138281581 0.4501570327262577 0.4666677845368652 0.10773907986138627 0.25372106909550934 0.09306806144077719 0.1489088983052435
0.5000012499552529 0.9512817867745113 0.4501570327262577 0.47128004508560534 0.11836160518363473 0.3902597770120078 0.1117697771357009 0.18628305469535456
0.5000012499552529 1.034053062241204 0.4501570327262577 0.4744811266738101 0.12578262940148982 0.455889017545384 0.12948969126430643 0.20348380055819582
0.5000012499552529 1.1753611382863767 0.4501570327262577 0.4796101065600792 0.1377129758693192 0.459692306832029 0.17445533084349138 0.2132231465558161
0.5000012499552529 1.2676287649283444 0.4501570327262577 0.48275945536654336 0.14504045599525636 0.4829697084658726 0.15541581441733285 0.2525504469820702
0.600001672272024 0.41727362968942205 0.37513075286435527 0.36479712528648844 0.05075719884745816 0.037919944799170956 0.037258103912285505 0.037258103912285505
0.600001672272024 0.5202516153122521 0.37513075286435527 0.37049082883743595 0.06123858940298773 0.07568360675390752 0.036789800425318125 0.036789800425318125
0.600001672272024 0.6288771597743927 0.37513075286435527 0.37580467942439455 0.07158489609896397 0.11624391383411749 0.055642112122062944 0.07418948282941726
0.600001672272024 0.7458711063287776 0.37513075286435527 0.38092826769673727 0.08199152896446414 0.1928361269074558 0.07358643101702536 0.11037976965925149
0.600001672272024 0.8408951960325911 0.37513075286435527 0.3847285070096828 0.08993302479488503 0.25727352526103925 0.09345964934810244 0.1682273688265844
0.600001672272024 0.91347657153983 0.37513075286435527 0.387450141170306 0.0957149284835183 0.2930742137672525 0.09341420888926798 0.14946256668925292
0.600001672272024 1.0579776112383545 0.37513075286435527 0.3924781316808959 0.10655512532345958 0.280709594110637 0.11399236253414044 0.15198981671218725
0.600001672272024 1.1158252712527976 0.37513075286435527 0.3943649170578263 0.11066259517274026 0.31643895015582363 0.0948734519307379 0.1517972722778753
0.600001672272024 1.2012461694242662 0.37513075286435527 0.39703652303823467 0.11650324063842318 0.33444652513076895 0.11354590334729996 0.18924328110792407
0.7000007093750198 0.41749358957637867 0.3215412156371004 0.3099613183528083 0.04352607684420749 0.02866915630433962 0.03661517786505898 0.03661517786505898
0.7000007093750198 0.522913995013974 0.3215412156371004 0.31530495508061157 0.05271489247801342 0.07037843416535024 0.036898668175799794 0.036898668175799794
0.7000007093750198 0.6249122345259874 0.3215412156371004 0.3198379202767204 0.06104518396419937 0.10175536734691867 0.05618829409461987 0.07491772545949316
0.7000007093750198 0.7053602510975506 0.3215412156371004 0.32307754395840155 0.06725995910802976 0.15943769571247463 0.05515458709883873 0.09192447590504518
0.7000007093750198 0.8086075061403831 0.3215412156371004 0.32689132448814207 0.07481442544363487 0.18509509243799946 0.05604722958874566 0.0934120493145761
0.7000007093750198 0.9272253112707236 0.3215412156371004 0.33088679713118624 0.08295773929370763 0.19651039092789122 0.09324415646944484 0.1305417075714924
0.7000007093750198 1.0128842058121017 0.3215412156371004 0.3335606115757105 0.08851189455550093 0.20964435862226874 0.07396610470560748 0.11094915705841121
0.7000007093750198 1.1114118555729016 0.3215412156371004 0.3364512552293131 0.09458901317449529 0.210089165668795 0.09608210628517733 0.13451488529760997
0.7000007093750198 1.1941999054226289 0.3215412156371004 0.3387467677547014 0.09945551915188575 0.23600894173745982 0.07530721129564152 0.1317875385413862
