0.01000005292025855 0.20186934431096615 23.02557851893921 0.20760128436487588 0.03687378184783606 0.03687378184783606
0.01000005292025855 0.019419241288890634 22.56116588362794 1.635875213946451 0.03713246631737459 0.03713246631737459
0.01000005292025855 0.08136016651642616 22.72725067571509 0.5995384271564358 0.03679120172153453 0.03679120172153453
0.01000005292025855 0.1118816813380286 22.805707419610393 1.146902105024511 0.036773778329406405 0.036773778329406405
0.01000005292025855 0.09352947599075372 22.758785839810553 1.093251046867115 0.03649409254507716 0.03649409254507716
0.01000005292025855 0.25782657618186666 23.154612866818738 0.7000948487147227 0.03681145378288548 0.03681145378288548
0.01000005292025855 0.45229612711089473 23.565421539645893 15.687271588169361 3.7521900067361633 6.5617079025814
0.01000005292025855 0.6790720128263579 23.986452645632657 21.98100177470858 13.062322427573209 13.467060525843209
0.01000005292025855 0.8089793583333318 24.205753378399265 23.69510027445631 9.46648435479844 19.40726193649394
0.01000005292025855 0.8772074521023077 24.315560970952316 25.154128278838773 11.283669887968463 16.397448586836664
0.01000005292025855 0.9611130952380973 24.446028945948026 25.748745047622542 11.029957447379962 19.635147389798707
0.01000005292025855 1.1293492805282848 24.69399600120807 26.335944419513662 17.353150902465433 21.453089002042223
0.01000005292025855 1.174491863959602 24.75772240318569 27.72283585774943 18.77365254385909 22.70558506738374
0.01000005292025855 1.3760523896092776 25.02945854937009 27.339576430238143 20.702452666081484 27.797840695387222
0.01000005292025855 1.6154317022293818 25.328405558854094 31.89273030278843 12.148780163741307 22.87923387560914
0.01000005292025855 2.0440945099580685 25.811760695406733 30.18452984011808 14.65213371480193 25.845784773443697
0.01000005292025855 3.252139367336112 26.926824880859037 34.02136134258142 15.466745404921436 32.28655670814295
0.01000005292025855 6.449496124031011 28.975655067812465 33.95926014267729 17.15799319650248 31.39198148735718
0.01000005292025855 12.885673032498417 31.550416564019784 41.04926005750267 30.719860043708202 37.34571854832487
0.01000005292025855 25.802322658706707 34.65647404438083 45.630316543537774 39.6987737763147 47.73962003012414
0.019999850990964185 0.04261673818615846 11.311313754079148 0.14698512534945143 0.036732565178051534 0.036732565178051534
0.019999850990964185 0.18641609195696734 11.49366990259206 0.17206159711505054 0.036868737055680965 0.036868737055680965
0.019999850990964185 0.2139209268085817 11.526131343489771 0.3830278082115496 0.03659299727923883 0.03659299727923883
0.019999850990964185 0.14103726999695854 11.438527175109414 0.29880657864536697 0.03678666173144545 0.03678666173144545
0.019999850990964185 0.1540204284825387 11.454513420366535 0.2012511856724795 0.03715899721158888 0.03715899721158888
0.019999850990964185 0.23047658408149183 11.545339804903481 0.23494473878267005 0.036853994312863854 0.036853994312863854
0.019999850990964185 0.3965706960874078 11.725861800203827 0.6146125505086264 0.03695662364224038 0.03695662364224038
0.019999850990964185 0.723476445069361 12.030977287634995 11.360270855804094 3.0063706733301876 5.0961628270208665
0.019999850990964185 0.7916811510332799 12.088169973097697 11.514051516896041 4.382278070976749 8.03419845396959
0.019999850990964185 0.892627917086693 12.169478919145686 11.584038798114216 6.0470845780219005 9.237587247321109
0.019999850990964185 0.9531128075003346 12.216441030987761 12.814983714680519 5.154024789499318 7.226639740436766
0.019999850990964185 1.0807610364069922 12.311639674804976 13.577044785300345 8.452489187422255 9.3353187251343
0.019999850990964185 1.1945106312756089 12.39241690440616 14.655372302741856 7.598687304450459 11.501222606749335
0.019999850990964185 1.455836551977907 12.565530246519035 17.074973279815257 12.6132133594543 13.985468852966312
0.019999850990964185 1.6396126645008273 12.678352397366345 17.491373133000696 11.3185082118494 12.737990091871872
0.019999850990964185 2.06356116717913 12.915922983272745 19.20797070799242 9.234023215294455 10.041080819294967
0.019999850990964185 3.270728758392861 13.47078433888943 21.61445971343647 11.882509207211012 15.473614210697308
0.019999850990964185 6.294203045522867 14.447117402299984 21.809325055831444 14.877875957422455 18.5326966998369
0.019999850990964185 13.007616812966951 15.794579779448684 25.446280828488238 18.501064450827975 21.84262260177542
0.019999850990964185 26.276650459637672 17.372738097075803 26.49688168488028 15.990715245119606 20.16540117386633
0.04999997841883801 0.08207984756645119 4.542517282351121 0.17754301184076177 0.03668213722405977 0.03668213722405977
0.04999997841883801 0.019798229404553964 4.508933876609964 0.19610045168618165 0.036956006970125244 0.036956006970125244
0.04999997841883801 0.15785487388450173 4.580915637831345 0.5347750334658443 0.03659036873387045 0.03659036873387045
0.04999997841883801 0.06269294683270571 4.532272805847311 0.18666923258216728 0.036532721713299354 0.036532721713299354
0.04999997841883801 0.09948316084229396 4.551561694656837 0.46971712401905136 0.037201726734115904 0.037201726734115904
0.04999997841883801 0.26990643288084504 4.633516110707814 0.22487697476924282 0.03684967873202101 0.03684967873202101
0.04999997841883801 0.3867197728650319 4.683941879317071 0.15548480318315105 0.03628041008724811 0.03628041008724811
0.04999997841883801 0.7221522106544032 4.8099967242162185 2.73411532462298 0.11054178022622163 0.1842362181674069
0.04999997841883801 0.7773855027136835 4.828644771264802 4.654676901330709 1.205661200357569 2.317128875158913
0.04999997841883801 0.9366503821558714 4.87975327451684 5.368216994532098 1.4431284764946013 2.7153604957890924
0.04999997841883801 1.0093843642202271 4.901907727333518 5.439930432121298 2.73052427515894 2.8954552716450506
0.04999997841883801 1.125148492317069 4.935806456902308 6.040600763447906 2.3883754290626245 3.91167493636008
0.04999997841883801 1.1824272093413957 4.952007051993455 5.870151150743342 2.8240646638972438 3.5721522862407293
0.04999997841883801 1.344658882899397 4.99603431871218 6.5354830331206415 2.8456532013961047 3.0304349227579186
0.04999997841883801 1.5634396758636204 5.051559144530301 7.109035532693139 2.0824445983294355 5.936786027874842
0.04999997841883801 1.9944410270295998 5.150401048070646 7.195431799573732 3.309738944300565 5.485230517737642
0.04999997841883801 3.1288327242943574 5.364103307911495 7.968986546815419 4.045635861504417 4.869406399596953
0.04999997841883801 6.204044438279091 5.768635586552415 9.793792071459844 5.390714934162689 7.267338929527099
0.04999997841883801 12.53924916824026 6.287481678569636 10.830384737097454 6.992297286190872 7.991193873093875
0.04999997841883801 26.324169325702307 6.950603162464872 12.809585420694345 6.003832316266162 9.688424726904772
0.10000016608615116 0.009055203625733465 2.2458641773895556 0.03210415902303319 0.036513097246444956 0.036513097246444956
0.10000016608615116 0.018898250950335736 2.2486684579885967 0.20281622856113618 0.036437592886842826 0.036437592886842826
0.10000016608615116 0.03909225092804311 2.2543355385361363 0.21693211979074983 0.036854646722757664 0.036854646722757664
0.10000016608615116 0.062494936910909814 2.2607641319825538 0.1739009409573311 0.036256864557529925 0.036256864557529925
0.10000016608615116 0.0993159043079094 2.2705947574718333 0.8120361345424086 0.03677749563295835 0.03677749563295835
0.10000016608615116 0.19182483362268538 2.2939207535753985 0.08463108914862691 0.037043032673603545 0.037043032673603545
0.10000016608615116 0.3828028046503732 2.3370192237586336 0.5136634372439237 0.03691029484860676 0.03691029484860676
0.10000016608615116 0.7014379400539003 2.397996356453288 1.4569844577447983 0.0921873398161976 0.1474996449802203
0.10000016608615116 0.8062511698580043 2.415831991286266 1.5583512411056575 0.15030521364749186 0.2630341238831107
0.10000016608615116 0.9179981451936833 2.4338793311068168 2.500032247182121 0.2989692451296789 1.1024518840592152
0.10000016608615116 1.0059919994111999 2.447461675802019 2.5700097011495813 0.7867411191006647 1.4820007127245078
0.10000016608615116 1.0623980835887321 2.455901682089724 2.9668178970899666 0.8444774925466152 1.5763594330782011
0.10000016608615116 1.122856891640509 2.464731976068999 2.9871706319397777 0.7512048412630254 1.8028909708345933
0.10000016608615116 1.472743660341126 2.5120155343878774 3.583240849722677 1.7349245077322606 2.4251655688781124
0.10000016608615116 1.5681549142802549 2.5239304754634375 3.7292166022827318 1.968551328888325 2.410094264649196
0.10000016608615116 2.0129848484047024 2.5750651856737194 4.014856221214592 1.3881290210117698 2.44310992479426
0.10000016608615116 3.2112494605970627 2.687223243850852 4.378877377097985 2.239549562343006 3.212467687052223
0.10000016608615116 6.230047785708235 2.8846455296903937 4.577818862887672 1.8419759475870994 3.0456461027784623
0.10000016608615116 12.615806557724945 3.1455724271502694 4.846990562945104 3.668138903831596 4.650011791001742
0.10000016608615116 26.35658078307039 3.4755291264870234 5.646387570499618 3.0609013426182603 4.143427209019824
0.14999972351353577 0.009652426164809432 1.491105268761308 0.23141518062141433 0.03691909464330835 0.03691909464330835
0.14999972351353577 0.019203845499564103 1.4929805065127941 0.24221788311653783 0.036828447795369736 0.036828447795369736
0.14999972351353577 0.038542508805092385 1.4967199720201456 0.35318591695869467 0.03692383837506395 0.03692383837506395
0.14999972351353577 0.062319872718830736 1.5012170837946666 0.37391771312113375 0.03689808874767373 0.03689808874767373
0.14999972351353577 0.10004310001857951 1.5081383895124134 0.2437651965254537 0.036735180499104486 0.036735180499104486
0.14999972351353577 0.19155005573865835 1.5239578229572324 0.1187123290649152 0.037043858576352236 0.037043858576352236
0.14999972351353577 0.39026893503557863 1.5545083506872517 0.22364245296415516 0.036511876514679666 0.036511876514679666
0.14999972351353577 0.6966314433197719 1.5943114302487669 0.5761917049801345 0.07414359210913578 0.11121551222972641
0.14999972351353577 0.7871698673415369 1.6048149395189684 0.9509860746260287 0.09301539104054386 0.16742770387297892
0.14999972351353577 0.9170999144160453 1.6190877611029313 1.501895920794456 0.2645229185165604 0.39678353061654564
0.14999972351353577 0.9799489826051787 1.6256875368588517 1.6434307435515576 0.22232312431957427 0.5372808837723044
0.14999972351353577 1.083677280106258 1.6361895813485152 1.9132805349380333 0.6369656235660397 0.9741803513115328
0.14999972351353577 1.1783069748605672 1.6453815877617815 2.256554858803543 1.5691142530996771 1.6064736557408439
0.14999972351353577 1.3418793827205446 1.6604892251406558 2.110996874320483 1.1368489747822714 1.2652043470030157
0.14999972351353577 1.5081955865101395 1.6749535981989827 2.4459601099743193 1.0409250844877658 1.296591867329128
0.14999972351353577 2.0545746278607453 1.7173861959285577 2.590576194435976 0.8260050539814431 1.8209661698903856
0.14999972351353577 3.2740536035270096 1.7931563240396267 2.5418583560539445 0.5030755457719587 2.2358901294490106
0.14999972351353577 6.25466641141579 1.9228321943957023 2.977193678990947 1.5385873153232321 2.784113204497697
0.14999972351353577 13.00867457905527 2.1047416986619716 3.6839958259789234 1.4895245788399358 2.1494476358153807
0.14999972351353577 26.116455923567855 2.313647048862957 3.857606213498602 1.7156354874394215 2.2690503921925784
0.19999947316855887 0.009868997234808077 1.1117303002310597 0.0008149533440405619 0.03697707216317565 0.03697707216317565
0.19999947316855887 0.01870161708306667 1.1130954254096643 0.10850754560457146 0.03679982851506515 0.03679982851506515
0.19999947316855887 0.03824939399195846 1.1160687196211214 0.21019914771026577 0.037194890849765606 0.037194890849765606
0.19999947316855887 0.0646212279006751 1.1199803686089465 0.05635661157810361 0.03672009284848162 0.03672009284848162
0.19999947316855887 0.09944199007661426 1.1249816982732894 0.07374334969325075 0.03675230165848631 0.03675230165848631
0.19999947316855887 0.1962375062215582 1.1380224173669335 0.0370218484390698 0.03658806660875701 0.03658806660875701
0.19999947316855887 0.3904953718523249 1.1611490922949708 0.1619653592023499 0.036280748608940844 0.036280748608940844
0.19999947316855887 0.7006038934866725 1.1921531264546477 0.643049077614043 0.07320659175755544 0.1281114743266618
0.19999947316855887 0.7778888334329273 1.1990427662635605 0.7637771857177033 0.09363723140201324 0.14981957024322118
0.19999947316855887 0.8746910474436717 1.2072933674401212 0.8642202352944365 0.16973681769228532 0.22631594483332548
0.19999947316855887 1.030968951052612 1.219830279382262 1.2170599106207067 0.1636731890888446 0.41827592767149174
0.19999947316855887 1.069799774915114 1.2228106397846634 1.3823037475976236 0.29491614980705017 0.5529687326128012
0.19999947316855887 1.1796979110274992 1.2309839150808792 1.3601338373628427 0.48696893915690687 0.6180758369199509
0.19999947316855887 1.392306698994253 1.2458159021659827 1.6059815263053334 0.6367199789780518 1.0551350795634242
0.19999947316855887 1.5891976540146622 1.2585621446924808 1.681976050689431 0.9059010604926016 0.9798512511464137
0.19999947316855887 1.9432411561026648 1.2795258102953768 1.618419412751074 0.9318837469861353 1.3156003407733283
0.19999947316855887 3.1098579545454537 1.336207120834528 1.8929719630678217 0.9222129508748647 1.1619873678734642
0.19999947316855887 6.423848156196672 1.4454516250258134 2.2916238244280303 0.9167762818258401 1.1184691419111585
0.19999947316855887 13.15724973724527 1.5802110260183893 2.34269621883597 1.2949916713637382 1.7139662982758996
0.19999947316855887 26.40799854853383 1.7375440412722698 2.8567593805995712 1.8332647087721163 2.039040555180353
0.25000062497762643 0.010065211395651523 0.8824953233895101 0.09967446161169671 0.03640872664303513 0.03640872664303513
0.25000062497762643 0.019371455558107455 0.8837218070002624 0.13867998535034765 0.03701850974669348 0.03701850974669348
0.25000062497762643 0.03794221753887104 0.8861275859634944 0.04280854767482327 0.03628011244246602 0.03628011244246602
0.25000062497762643 0.06177044240900398 0.8891371009803086 0.04670540355907371 0.03716348530770463 0.03716348530770463
0.25000062497762643 0.09790365325670514 0.8935466615583765 0.013872280358458944 0.03647479113138807 0.03647479113138807
0.25000062497762643 0.1941877042789424 0.9045048578904133 0.08102009170609917 0.03648190088415196 0.03648190088415196
0.25000062497762643 0.40957379003018163 0.9258038495020776 0.20842545273854837 0.03645289890172779 0.03645289890172779
0.25000062497762643 0.6948344314614907 0.9493039036290092 0.31687355738013034 0.07364299625509683 0.12887518183223687
0.25000062497762643 0.7568163965056897 0.9538894138219246 0.5507653774860113 0.074798172997903 0.11219725949685451
0.25000062497762643 0.868746994527422 0.9617905897398638 0.6298319427909823 0.148936342780503 0.22340465329052783
0.25000062497762643 0.9776988302203046 0.9690633401347881 1.0337514293358327 0.23710118115434192 0.3282939431367811
0.25000062497762643 1.0872464724046278 0.976009378067593 1.3405796238730041 0.20831022709918504 0.5681199389850939
0.25000062497762643 1.1214138970968637 0.9781072142232276 1.1672740119935092 0.2618559560055111 0.4114893142293102
0.25000062497762643 1.3445299082775972 0.9910962040451968 1.3088743407063081 0.29222704235637237 0.5479265688356618
0.25000062497762643 1.6336334623449027 1.00637240475498 1.3188845023854179 0.500809011226916 0.7048445366692083
0.25000062497762643 1.9428650963857794 1.0211619364934426 1.2651592873774444 0.4103501424469994 0.8766558755300052
0.25000062497762643 3.29329871084176 1.0733110178281127 1.672384776640608 1.045916225789176 1.1393000757519225
0.25000062497762643 6.5431820779545005 1.1577302916909902 1.6720345597248625 0.8292760908623167 1.1978382695147631
0.25000062497762643 12.993301944252618 1.261405075113914 2.055831370218661 0.5716851513379572 1.5859663482536972
0.25000062497762643 26.269487399193565 1.388596289014466 2.0755458270727853 1.3928602901552014 1.6494445025321085
0.300000836136012 0.009704180717468255 0.7282160185983165 0.008349135276393468 0.03636709533218812 0.03636709533218812
0.300000836136012 0.019343564618428573 0.7293659177840747 0.10634853800131401 0.036246975756320195 0.036246975756320195
0.300000836136012 0.03850256067911778 0.7316063286998004 0.2180743941080882 0.03682142909852037 0.03682142909852037
0.300000836136012 0.0627201860482885 0.7343572762570152 0.04704962132182887 0.0366214975671959 0.0366214975671959
0.300000836136012 0.09617504070998201 0.7380202839719994 0.0161119363630734 0.03690726799475365 0.03690726799475365
0.300000836136012 0.20114831117183715 0.7486293390536584 0.26430810518935427 0.03707969097081466 0.03707969097081466
0.300000836136012 0.40721142721596426 0.7665116623256599 0.25927803727451715 0.03634975421698467 0.03634975421698467
0.300000836136012 0.6717449903989087 0.7856027932874203 0.23879360070895944 0.05507764105526574 0.09179623227019143
0.300000836136012 0.7839297856242767 0.7927638729542474 0.5526288588695205 0.07519690245017457 0.1315945792878055
0.300000836136012 0.9245781696053726 0.8011303081387446 0.6771981777842895 0.16800934784938523 0.2800151147543478
0.300000836136012 0.9632974245265623 0.8033281240139463 0.7128865848068372 0.22081403254255633 0.3128198794352881
0.300000836136012 1.0578481508078026 0.8085236435082955 0.939630530899481 0.14850877890695852 0.2598906698094272
0.300000836136012 1.1482004538240014 0.8132792268349931 0.9962541602347342 0.24172246351606022 0.37187947891978085
0.300000836136012 1.3560369341312493 0.8235406170021438 1.084289634168598 0.6625210710093853 0.6809236598665139
0.300000836136012 1.587672213401728 0.83403479094093 1.2242947250741654 0.549112008275559 0.7504503614097331
0.300000836136012 1.962589684804282 0.8493456648447698 1.1995173713233496 0.5516004548030452 0.7170810072855739
0.300000836136012 3.1404282874103986 0.888358062848252 1.3921813119506965 0.8155619346737641 0.8340982771969714
0.300000836136012 6.174048774991805 0.957075247629814 1.393622852790484 0.4716611170674994 0.8344756099682704
0.300000836136012 13.209647956210489 1.0528002419060905 1.5315172468537417 1.231424869973952 1.3433774401801757
0.300000836136012 25.882235730489075 1.1543491788940166 1.8905340136049642 0.7482929919250367 0.9727816467231709
0.3500003546875099 0.00914324992238353 0.6167253822583435 0.0770144645639184 0.036868436429296804 0.036868436429296804
0.3500003546875099 0.018827474935230386 0.6178244666777908 0.18092098768243836 0.03692319557987745 0.03692319557987745
0.3500003546875099 0.03727189266443985 0.6198710237150109 0.08867411714788488 0.03739728115365344 0.03739728115365344
0.3500003546875099 0.06262454319695021 0.6225906669256063 0.04394441782047665 0.036271354039875955 0.036271354039875955
0.3500003546875099 0.09765086385384471 0.6261862970454865 0.07051361400705633 0.0364091512462656 0.0364091512462656
0.3500003546875099 0.19622481786891957 0.6354587453070539 0.24304566890217072 0.03644703467917243 0.03644703467917243
0.3500003546875099 0.394455585238034 0.6513178759463274 0.055433473578068056 0.036564734207901614 0.036564734207901614
0.3500003546875099 0.6956889152206502 0.6708340642348766 0.2713129282653229 0.05503554184695216 0.09172606679776557
0.3500003546875099 0.8079128318102697 0.6771391281322577 0.43160596689982894 0.11118313580928552 0.16677470371392827
0.3500003546875099 0.8947514523498703 0.6817411665001438 0.5627668929440962 0.13115186666238773 0.22483185142610815
0.3500003546875099 0.9854448320807643 0.6863209500795857 0.7860159589281132 0.2021509041721686 0.27566032387113903
0.3500003546875099 1.0701802843733657 0.6904122646682006 0.7224526847495457 0.14801106018830393 0.2775208907002137
0.3500003546875099 1.1512365505983557 0.6941724753960807 0.7654752809822193 0.16817377200969763 0.3363468990712657
0.3500003546875099 1.37587656169707 0.7039111004078402 0.8214312530692219 0.20078838002938595 0.4198294637790554
0.3500003546875099 1.5550921705338696 0.7110670615764074 0.8471664298213719 0.20222405668595847 0.38606356703111633
0.3500003546875099 1.9751757415856979 0.7261604414472564 1.2890711001643915 0.19964617294419917 0.3629932657233587
0.3500003546875099 3.2678214937714722 0.7629039479133245 1.0667639786609746 0.39207664832278083 0.6907988382585266
0.3500003546875099 6.653766730529786 0.8266549840808534 1.2591084367825227 0.615284207380551 0.894956514401571
0.3500003546875099 12.87284624035986 0.8987059238663971 1.4399913998531992 0.41226922386605247 0.5059661408706819
0.3500003546875099 26.399110991843127 0.9918518281945692 1.5666578026934819 0.823288020127479 1.0478216673421636
0.3999998273507041 0.00978143643593189 0.5320525785786558 0.19955218693928028 0.03680395029764282 0.03680395029764282
0.3999998273507041 0.019254718971095316 0.5331215460797467 0.05406945867507947 0.036758845614429936 0.036758845614429936
0.3999998273507041 0.0391725059395733 0.5353064043795057 0.256093490010913 0.03659390201643933 0.03659390201643933
0.3999998273507041 0.06184037088373663 0.5376975263470141 0.03223276835596003 0.0366042050758145 0.0366042050758145
0.3999998273507041 0.0964875720033172 0.5411767856411249 0.04873680900173221 0.036271766424130436 0.036271766424130436
0.3999998273507041 0.19424628032345018 0.5500553399673946 0.0626222722877631 0.03675051994483651 0.03675051994483651
0.3999998273507041 0.39537273587229077 0.5652518195282912 0.10456474024249886 0.03605677028478925 0.03605677028478925
0.3999998273507041 0.7030466466626325 0.5836344449661526 0.471305223690024 0.07349836791000529 0.12862208234933148
0.3999998273507041 0.7856104035961066 0.5879000488683245 0.5126832153844357 0.09281544388077524 0.12994162143308532
0.3999998273507041 0.8860052240210825 0.5927984968103207 0.48855328060080766 0.07568361412289025 0.13244611262979972
0.3999998273507041 1.017236536896366 0.5987896889823664 0.6269311504016539 0.14620250888815825 0.32895564499835606
0.3999998273507041 1.1151776302944691 0.6029975273051293 0.6704175231254096 0.14877036010072572 0.2789445788201137
0.3999998273507041 1.1818044900209126 0.6057458355168615 0.7404583644637288 0.14659905360708203 0.2748728302107394
0.3999998273507041 1.3405487050686584 0.6119634442654618 0.7766603743207604 0.2038932701738361 0.3151079087806128
0.3999998273507041 1.5155363382931129 0.6183467985204734 0.746602607616358 0.2006943287932055 0.3101638619753383
0.3999998273507041 1.9059237480239388 0.6311610809283708 0.7353767006045393 0.24054287225877172 0.44407773171273157
0.3999998273507041 3.322448912336209 0.6671754690775477 0.9600948998624566 0.35619730377199166 0.5249219470279475
0.3999998273507041 6.770291869041196 0.7239095300045877 0.9481363032633741 0.542786638678478 0.6550875837852584
0.3999998273507041 12.958376764112883 0.7864800948002977 1.2438361949066918 0.49651677219354073 0.6252432647862317
0.3999998273507041 26.15659433337827 0.8663986280726076 1.2313298549569796 0.548487083081642 0.6808815200766856
0.5 0.00937996690538195 0.4102532455656716 0.03554812071586796 0.03682450977050813 0.03682450977050813
0.5 0.019775275459274815 0.41159966708604967 0.05547711860170499 0.037114882711110214 0.037114882711110214
0.5 0.03873365044754877 0.41394081845851904 0.17579931489460385 0.036694122469564106 0.036694122469564106
0.5 0.06199525267047637 0.4166372660677026 0.03811824733967536 0.03671688931593562 0.03671688931593562
0.5 0.09305418838062163 0.41998308072324636 0.062464319133790296 0.036520209435571854 0.036520209435571854
0.5 0.1955802603561754 0.42950324704286313 0.050764010200722555 0.03743490560221989 0.03743490560221989
0.5 0.38810521649023555 0.44347410288342076 0.0894946450572234 0.03667288348886834 0.03667288348886834
0.5 0.666090362010944 0.4588171799337201 0.2342046084395781 0.05511893905391965 0.09186506239080107
0.5 0.7705346585305708 0.4636778389419171 0.3437164092424284 0.09399285867813592 0.15038857388501747
0.5 0.8823058204120123 0.46848666462746397 0.49799826496559235 0.11177716909971003 0.18629537464150733
0.5 1.0188419266293804 0.47390578149576085 0.42496920781492187 0.14690684957801453 0.23872363056427362
0.5 1.0867257066921427 0.47644079741344103 0.5316403273111363 0.14840043519258486 0.22260095928735968
0.5 1.1963683149509796 0.4803413543673224 0.5776723314040267 0.11227641794120184 0.2058403148494736
0.5 1.3910979254125648 0.48676093072763166 0.5896269612511763 0.11241257504466076 0.22482479540167347
0.5 1.572233582886734 0.4922448408833714 0.49534182517447206 0.22280654550612763 0.297075268750173
0.5 2.0402054767604927 0.5047488302876768 0.6198430309805418 0.20816293761253213 0.28385894056081257
0.5 3.1774530827049468 0.5286756351858192 0.7467636674628535 0.20523638232667363 0.3171833543178137
0.5 6.5834490976259685 0.5756388180555225 0.8548522076865264 0.3560203188611389 0.43097192501831105
0.5 13.277626211240282 0.6303249820779108 0.9303476173527824 0.3572741299145093 0.6205282987374123
0.5 26.111286967713152 0.6924125326422383 1.1419137763775924 0.599508687181437 0.7119169451912207
0.6000019680329385 0.009345921169871796 0.32528574358558454 0.0034169199180004556 0.03663089024373853 0.03663089024373853
0.6000019680329385 0.019485152326132644 0.3272743536825186 0.07153613536909993 0.03712059192052453 0.03712059192052453
0.6000019680329385 0.03779119393986051 0.3304853799692754 0.06879643046165573 0.037018652787602364 0.037018652787602364
0.6000019680329385 0.06448596953157033 0.3345391576478283 0.12744248128149469 0.03666768252750894 0.03666768252750894
0.6000019680329385 0.09602700236479536 0.33866655751408814 0.02679626666478777 0.03651369308224217 0.03651369308224217
0.6000019680329385 0.19308637008369278 0.34872232247959717 0.08026084221719938 0.036827155204211766 0.036827155204211766
0.6000019680329385 0.3973873465687786 0.3636053587478972 0.11462398092888686 0.03696454965142514 0.03696454965142514
0.6000019680329385 0.7249703879736623 0.3800516339318289 0.7041504654643258 0.05520663444599725 0.09201122163847297
0.6000019680329385 0.7682502192114992 0.3818495094281912 0.25287751284923443 0.07393046564600886 0.1293783148805155
0.6000019680329385 0.8582681232399879 0.38539306732021966 0.331265287865171 0.07397778059553323 0.1294609087371161
0.6000019680329385 0.977575017371835 0.38973975456992094 0.31905735056861534 0.09192396742856132 0.14707834788569812
0.6000019680329385 1.0541533697328513 0.3923508331608238 0.4571390630764128 0.09216788865699753 0.16590207775321128
0.6000019680329385 1.2271064740108106 0.39782018357990656 0.36041290416473337 0.09490083783990537 0.15184173360563555
0.6000019680329385 1.4020558701923052 0.4028532253398803 0.34206238208447065 0.09238901832901526 0.1663006527658151
0.6000019680329385 1.6644867600041267 0.4096624506459084 0.408364730394845 0.1123653363341252 0.20600330612244494
0.6000019680329385 2.0369157521653367 0.41816264686183297 0.442160241915877 0.14942409299288814 0.2428137813093636
0.6000019680329385 3.412991355836419 0.4423765322024221 0.5062919960613571 0.16704318487400457 0.24128448232280086
0.6000019680329385 6.490451372873096 0.47780632929389616 0.532633103122721 0.22375214477554145 0.35427441791265407
0.6000019680329385 12.705958255981848 0.5215410341636079 0.6270282143182415 0.16568415982596102 0.29454926619851
0.6000019680329385 25.875049040334137 0.5758957786533819 0.9108371542309335 0.2794336035740115 0.39120553691573445
0.7000024317029083 0.009425091272249185 0.26507699649182903 0.021079469277328972 0.03675851421028552 0.03675851421028552
0.7000024317029083 0.019483994471413194 0.2690810374917924 0.045117062885327824 0.03668712308643711 0.03668712308643711
0.7000024317029083 0.03929963308759992 0.27444444834337206 0.024097774153159682 0.03654713887915887 0.03654713887915887
0.7000024317029083 0.0630626904665588 0.2791160443180008 0.07639983273529635 0.036438631797153176 0.036438631797153176
0.7000024317029083 0.09745607150080923 0.2843273264917887 0.04923995915854194 0.036580353893603874 0.036580353893603874
0.7000024317029083 0.19665710208873124 0.294935602626458 0.029234344882703975 0.03634504723562883 0.03634504723562883
0.7000024317029083 0.38598020664231597 0.308194925108769 0.16382686036138328 0.036930277055160984 0.036930277055160984
0.7000024317029083 0.6892727868797197 0.3224494081305304 0.2565855476210241 0.05533491675959636 0.11067008043432965
0.7000024317029083 0.7784626294337971 0.3258126206945369 0.17413522129223516 0.05589449600698734 0.0931574933449789
0.7000024317029083 0.9236541538791184 0.3307709152406824 0.29666616216736713 0.05672198654839714 0.075629597976384
0.7000024317029083 0.984900751752968 0.3327038667102021 0.26516555194108865 0.0910965714957784 0.12753520009408975
0.7000024317029083 1.0480525925087782 0.33461283496008093 0.26880953419074405 0.0747029692700488 0.1120544539050732
0.7000024317029083 1.2387781322147093 0.3399367244797528 0.40746136068297606 0.11263222114145291 0.15017651082812855
0.7000024317029083 1.4502736523987454 0.3452134080771167 0.3732353947259227 0.13181374894466685 0.15064418265434348
0.7000024317029083 1.6372086442786078 0.34944639086467594 0.32269529064776814 0.13106430980988978 0.1872344576308586
0.7000024317029083 2.1289984303419476 0.35915251922745123 0.3129707300895606 0.11157361776972465 0.14876496394928082
0.7000024317029083 3.3202022858230036 0.3773156209720864 0.45449515714753935 0.13223376221059152 0.1700147598881051
0.7000024317029083 6.5954620535714215 0.4099661662035842 0.4828220735698463 0.16921109342333326 0.24441686941437715
0.7000024317029083 13.487249289772713 0.450427630042022 0.5149685364522217 0.16718897166756977 0.29722448405988117
0.7000024317029083 27.448402777777744 0.4976922891812341 0.7184585311563054 0.2807948436989779 0.5428680105721304
